16972
52607
62154
43262
47770
35523
82368
4664
31381
42044
73381
30662
41672
54243
6852
86588
29605
88572
56265
77891
98894
9017
76015
18858
38637
61304
72675
16240
39875
19800
13264
56846
72407
75417
108
36528
27291
98827
41191
58671
57222
30923
5685
98894
1518
12536
85481
31122
17459
58098
9013
16353
83466
1379
51562
22102
79035
24236
54693
18909
44036
67956
75755
32794
59725
92214
85673
87015
7392
26863
62038
64614
74138
84074
79859
75655
96609
81691
6776
30419
39788
32140
46771
39606
49871
14684
78059
28905
38920
32752
47813
99307
17059
39919
48452
76783
48484
34124
80150
55876
77338
58539
20489
51475
42612
16699
27129
55572
98389
50257
85990
38177
98748
49113
94134
48618
63796
72192
77522
19067
4943
41687
18373
22002
81605
83176
15136
30089
17299
95285
2316
10989
53823
39156
62463
96434
55854
5944
68357
54242
72552
54347
8770
87651
3459
2903
36269
83606
75095
30142
2673
80037
88180
37397
18390
69785
20573
33526
16225
54223
28810
34892
65211
98985
74047
27674
11770
29900
49969
80127
84141
38872
50825
92911
26522
70635
95813
62790
54240
87259
9284
73264
67296
97463
10661
85685
83599
31233
35562
16175
85455
80724
51066
50666
79708
41464
94691
7829
71363
61011
4307
71856
99882
71483
81118
26403
42117
93282
5545
12709
80541
14828
85972
47836
28642
96632
49872
28593
44216
85434
61119
29671
82509
28537
96688
62216
70000
91378
86396
41363
68740
7055
13218
68621
78537
10687
95023
20654
3968
567
49714
84508
31746
35685
48695
76740
48669
14919
5332
92884
352
82802
38906
99212
11338
35593
77779
81338
43322
64174
22700
12061
71228
52269
80681
49765
62955
75704
86770
83274
92622
36483
67782
40720
88519
16476
17459
37187
31394
39142
30071
48097
21943
68976
47308
33281
20921
41438
30970
64242
5612
53669
76303
93191
22289
73335
59307
1595
65390
62428
84868
58012
15262
69001
15083
3781
1829
32541
40967
49574
88034
87389
14023
9976
56365
77682
59608
93637
19120
90577
57878
24731
60597
50532
34273
99237
23867
9932
17183
5608
72359
2051
79971
87621
87403
95053
91401
89231
43945
48719
38805
31978
36108
69179
58306
8824
46860
17913
2460
65979
24842
76689
7061
1790
27221
57686
1027
67439
67617
18209
89398
39975
36611
69369
27595
40366
64421
35347
29596
24718
84066
84752
56695
36525
70282
15000
61700
17142
49265
64159
99472
90458
57199
6533
92247
771
64218
9625
68209
31834
44186
57607
88160
97148
43327
32107
37513
24099
67453
83461
48816
67870
84564
21863
20746
54846
36862
82445
71987
2478
62955
71458
92935
20154
94342
1534
20924
58559
11158
5485
6744
71695
79443
11256
68843
22769
43362
6355
63219
10814
89815
12035
95036
74379
50249
15781
45576
3462
98226
17562
5940
77532
5371
15226
97685
99713
33111
34961
74623
44269
40445
97719
32315
36239
8974
1157
75359
52335
7512
38577
79500
13678
66963
90887
4408
17211
6668
49983
20673
21245
83896
26612
98776
5619
58189
12813
5331
91300
47773
96305
51920
4569
10375
84234
40807
35700
85391
16165
4386
9254
71093
83886
39283
38056
74772
43691
55266
97791
10025
92290
19035
93921
35253
34163
99539
93442
46975
21221
84741
11099
33877
53012
32019
44252
53597
89177
79951
38987
21693
84337
64592
92785
84574
3875
47192
75697
47565
2458
73488
57589
94747
8874
67861
30000
43036
67399
39793
6362
4971
40885
17460
38848
93896
49478
99451
47492
55006
95753
2831
76698
96441
83774
69483
81014
87648
16674
56711
51564
35483
46550
25505
46582
55423
9717
92933
98459
93468
49077
4820
98438
89961
38632
53637
208
4461
53087
64051
59467
48840
83233
36164
45280
67007
21998
42646
71006
55024
15708
38922
90506
62257
80778
53439
34031
90494
62723
48841
83961
11799
53661
98751
1759
8644
52387
1966
13104
5474
82369
72570
70665
65601
25086
32296
48959
47083
74941
19965
2106
7000
58886
8964
85608
39663
62402
19639
46508
25125
68479
30469
36923
38491
29219
55034
47134
81605
73351
76590
3430
55719
49159
90446
21320
74244
22742
70278
37679
14034
6594
39784
21034
81831
65099
22993
37845
27501
58983
84353
68977
43814
31173
22251
98656
76743
77284
45790
74699
50635
22379
78129
6353
87889
68574
44024
78485
7667
30654
16163
21701
37247
72298
59086
19078
37397
82078
56922
81249
41061
41274
50225
1226
72446
72475
99881
65540
66111
62022
40239
16745
752
18367
39449
88641
3292
83473
83477
10959
30478
99639
32659
67724
88288
8096
86801
25684
90173
43723
6932
47585
1348
73508
48810
90146
62335
65043
55685
28445
27064
95923
61541
27816
30641
989
16456
50285
813
99932
61243
31290
15922
10253
15366
4209
18348
2166
46245
24872
62240
53176
88809
79940
43036
37618
86437
5370
2660
42121
33814
29724
54396
95354
73891
1388
12694
6698
68024
29859
6629
29266
77500
38902
55870
92865
59462
90569
95031
5706
31793
73622
75234
20601
69913
18269
58218
56349
23638
77230
14822
73803
23305
85569
69156
97195
86956
98201
3892
54980
44411
26872
597
21911
82125
72819
14775
41586
63387
26157
63644
95179
16131
38877
32131
86043
57145
90349
42392
97134
83930
57213
70936
23586
42781
56443
20780
46088
70995
41023
1067
15406
84246
18016
37316
66370
90834
52090
24307
70572
94599
87950
82103
10729
43178
14233
96771
16674
20933
39162
13807
21214
12726
1094
44799
55506
57536
81930
1594
28531
39304
19012
43936
23549
53379
97603
6270
60564
66044
46929
47488
60642
34878
45942
87722
94408
76526
84493
11081
97459
40006
41240
35024
69084
42333
79823
24589
16221
78104
42534
61103
17408
77898
21390
40956
47628
18992
63578
8192
1387
10506
72031
62029
61735
17972
66102
56142
94497
50594
83575
8307
6952
24814
43331
76035
83498
39505
16975
16070
17608
75861
77172
35015
70110
14913
92323
17737
33904
55900
42280
35291
82757
14310
13671
44491
32281
79772
16985
26778
46718
559
51436
70021
41724
94766
62407
41573
50622
95733
57643
68230
87945
51166
19596
58054
66079
11918
92143
99982
84169
34422
51624
66925
65084
81646
27768
97364
77770
44752
40493
24487
45310
91929
10859
3385
3046
73265
44957
53668
85349
18951
38249
73294
70117
57844
31347
36195
86114
39841
52528
70282
90615
20504
53559
55698
2149
81326
53061
79918
26077
9906
20756
87738
18186
31614
91122
21231
21230
52430
91250
6579
71381
29498
79872
41497
87342
27570
77691
89807
83763
46570
60088
74377
67073
29998
30074
85574
11323
99486
81843
53751
9391
2599
41488
27576
50564
48961
65159
88146
1391
56408
94724
72771
2258
90947
14267
5951
34868
8309
95757
18630
71230
72196
9358
54655
2194
39431
40228
29868
38917
22070
99971
64659
41020
57810
92235
7936
6771
73745
96081
24513
46504
7156
97283
48761
98102
27901
71063
49321
52561
66819
84303
40142
55367
93660
94796
73912
33091
35023
20131
88359
73445
20101
53017
30816
77911
61603
55103
1033
35347
51183
41897
81851
58338
39179
46963
72791
83431
18026
22112
52343
1196
22766
92484
56562
16425
87280
30473
49515
38654
50604
54225
28450
87056
7242
75618
81318
68844
30720
98702
4191
81903
40598
2393
56592
96128
65707
29383
79558
84
67846
31900
1280
90611
40736
74193
23387
28015
21018
72902
66668
87973
27126
11470
75028
50719
87087
72698
19563
17806
71399
40105
16060
11997
58849
72652
24476
24555
18386
4034
40991
2583
52285
42270
93193
93020
16462
16579
21034
37479
5832
4054
41803
49310
15523
16831
16380
18961
89528
35942
36766
77278
92398
52826
5626
51246
41829
30102
92153
60214
34135
49495
62796
2771
91764
72340
95791
24577
5270
33176
78408
27454
53581
20210
76763
85455
53392
93142
4415
59271
45436
57533
36549
54185
10358
42174
21783
68538
72275
30287
28751
6409
79781
7898
25532
71544
96589
21322
12472
1858
70849
7231
29311
40782
27441
22425
26236
97184
31919
30651
56455
93706
4535
93003
47890
31244
35176
69672
99781
23803
99958
44883
46563
79738
52780
72094
67633
49368
9767
96457
67577
80616
3687
13240
37749
47479
52016
63984
61015
83934
10986
17469
93991
15520
10471
41881
46763
61998
27904
46543
85800
44214
91425
32363
40303
60556
20808
7936
26275
30575
20744
10204
27542
40782
23443
65290
88261
75458
29273
49275
75744
56611
83095
69734
72130
9917
27966
35245
71914
72222
98139
74066
16435
5916
22780
56737
66471
43587
81024
9098
74161
1767
19301
18054
42549
59095
83343
47161
34552
28968
12787
26647
85578
95881
12733
57707
5797
57050
9303
94062
29271
7442
84479
45705
13357
7258
18794
79827
67197
99817
5276
57709
1584
24576
75763
60484
83670
59105
7644
34574
88072
36782
61220
90001
32662
90304
47708
54810
47354
73362
48871
92976
80803
49702
38681
94159
56959
73826
90338
40507
73642
95613
98216
91577
36541
73978
52060
36562
49434
76055
71135
53858
12836
48707
43858
61849
55362
7917
16658
2715
81279
81881
95691
78433
31582
50723
72592
4892
40900
79281
61751
14541
74893
59966
22470
27785
50295
90881
64347
16080
66936
51833
69937
96123
16891
30147
74324
72253
38063
7333
91319
35693
5565
3361
14126
53498
54083
3069
74742
11334
82349
36492
25875
73593
96457
48344
1378
46751
39224
82076
79182
22511
33908
49119
34986
50799
79265
9309
39403
33679
32993
30721
69372
38558
34082
99849
92055
4516
2917
66796
15850
85265
3287
41724
75209
16095
6419
76586
79197
61994
75013
58379
857
25273
7497
35842
92423
3113
61502
31825
53143
94494
62545
38866
33051
96626
38714
41458
1142
41630
8253
33343
43246
27892
91418
18455
43986
97836
11392
39535
76181
86405
97913
77037
11677
21761
12878
4099
24873
90731
52275
94367
85225
14819
33233
34627
27797
71946
92436
45290
29928
689
78632
89525
44932
70049
7979
5269
84236
35723
44803
60416
38479
42715
53805
50155
64475
83034
70605
5699
73765
22879
66
75341
54049
49650
9967
81845
21595
2403
27134
67874
19443
5765
57399
80726
92165
81729
85994
76400
17451
30797
53168
72281
89863
6972
38787
70690
6357
9391
76388
80121
48621
92805
55461
2670
42454
81780
866
80401
534
28000
48274
36328
50116
22024
17053
58633
3753
19398
51384
37555
66546
4551
9836
56409
27874
64974
43450
50583
74365
36189
30703
39337
45346
2516
58358
87799
647
59224
84551
17532
3575
49177
53859
70042
71200
87263
45026
91304
23012
96410
45211
89558
17312
71398
62318
61538
36371
22119
12120
27087
58307
59174
66424
3652
61689
41133
7803
78687
16708
92353
96218
36634
41529
66428
23028
29081
70042
68053
20384
93054
64462
65594
98963
98126
36991
77632
59663
89714
99750
88134
16800
74408
47307
99575
78060
25348
40708
85862
4034
57415
94566
252
10401
52447
83031
33428
81527
53073
1480
1910
46126
82294
83856
61440
96771
37198
39071
56433
26911
55172
44566
60063
29579
8224
59637
23990
33571
344
26203
37605
74111
20769
54208
863
73215
37238
34290
71093
6662
52121
73002
69139
50766
73209
30578
47536
26759
86000
20320
53669
57523
81237
13731
87102
89461
89720
27443
39383
6415
53646
93339
96877
74414
47546
97739
63980
1136
48380
35072
7797
16853
24425
76936
67618
13986
23865
31506
40744
9865
51825
94412
83739
49414
24495
87192
38874
30566
14635
94608
36980
68280
87947
33857
59045
35492
47947
23024
52979
96327
74447
60776
13179
15223
54063
97148
29208
77927
28653
69951
4143
96830
80715
4234
46243
21561
91425
1468
52126
6059
96075
5457
90690
84021
55665
49734
35865
3612
89109
88843
16290
63555
65970
45820
95130
36384
59319
24337
30663
4324
94288
51157
1153
91354
55390
47395
12914
46815
65214
81391
69225
61288
86847
59915
61661
58864
9648
97525
78827
98757
2719
11468
78663
85041
73639
73792
21424
32957
14481
52086
37280
25120
19595
38432
16473
74984
2178
45738
38150
67391
27128
7375
45031
30326
67289
6691
89189
76936
20567
84367
92044
39637
95834
87059
24677
69472
77202
62453
18781
91682
30890
56060
16801
50484
10844
33273
25468
13021
95362
63617
96764
22489
87343
58146
69167
54631
81188
74707
47919
18106
59074
39962
57742
71259
27020
82419
40731
4222
61223
59511
12255
92112
31922
29056
42596
42765
78680
84415
72138
74042
64383
85253
12882
51726
43398
82048
6356
40937
73107
54274
59042
32180
10588
16783
19790
53959
15553
76872
58180
76775
52734
86787
68887
84656
32194
11482
43772
10873
12248
15909
1266
76630
17513
30500
28355
60910
28899
51063
1846
2005
21688
77239
50536
48627
94022
70326
2586
9574
63549
77117
2701
16283
63903
71587
938
96096
99420
61061
23321
11667
76970
40938
4648
10834
71437
49355
88096
336
16769
6293
18692
38456
83532
85580
87083
77553
72257
89668
3478
35805
83136
6178
52087
47039
77764
69376
43134
93535
30437
66454
5201
23758
7392
26201
34591
95180
75555
22686
11867
92323
28979
46911
47130
12510
32490
50564
6414
4746
56583
9891
56902
39719
16069
8989
86757
10184
94716
46242
3719
25152
29048
25271
65261
52791
51471
99852
47970
27025
38889
76189
35699
67867
23099
82829
96728
71940
33392
3141
76685
6327
13032
49938
46045
29100
58926
32801
39283
69994
79042
59353
95145
8089
84624
76758
77231
36094
76609
25201
79471
15497
1389
31521
99716
40839
30701
96443
12778
64093
99584
5814
70419
12615
55751
32815
58066
31029
65615
13700
1022
61008
73053
12518
85449
74028
89275
62679
10121
65883
4231
5943
97732
21971
37464
97447
62809
68164
93889
75586
48608
9824
81399
35378
22438
53502
68192
96855
84530
50158
10555
85551
27518
83607
14420
12966
57634
3695
91996
84106
85929
96227
6401
12
18197
60216
97458
81006
28379
7699
72943
93339
17522
70694
45068
56312
24195
29612
53166
8724
79769
63720
10626
7286
63678
41397
36603
37663
45091
28599
38121
47372
24825
44521
47383
59373
4736
44841
40378
49466
68891
29673
59156
86412
366
4224
42723
40912
50187
12241
49635
46307
75960
76612
69945
55990
18008
6547
93652
79451
51497
31772
26822
76321
92644
74204
35694
13731
35396
92423
63197
20638
38447
38704
23402
38812
59279
82476
79723
9465
94716
45709
55772
70676
38672
25716
43017
73032
48614
36668
52482
111
84792
95655
76431
93787
86210
28476
7518
37958
37251
87066
58595
92049
25769
81996
30861
1400
64472
26935
10864
59187
88996
82987
46214
44019
8702
89230
33402
57316
42250
85883
73778
27041
97889
50208
20827
84099
95036
44696
22056
48638
31761
97002
40686
73882
78998
87898
75281
43469
31185
2496
19007
36532
85483
65221
80550
10536
54450
13952
84203
96699
16186
57980
40091
30427
24540
77270
30877
35927
21965
69284
84564
70078
66285
41601
43959
45282
45851
35591
5102
77035
38086
24109
29918
23568
89329
26819
34104
60130
57122
18306
56829
89660
92638
13271
20086
17177
90540
50962
53103
12505
20245
37666
98934
86529
95618
42892
48163
41468
78482
53264
34854
32919
77372
64771
56487
83052
7942
6942
43182
65063
41599
16362
54722
34236
45984
74807
51412
36524
42120
4514
65380
62364
58531
64313
65245
70501
23556
13407
28320
18389
83022
63174
51307
76746
44296
7793
76149
52237
31086
19330
17300
89037
52043
72021
23272
98027
63180
91036
50902
5299
11901
32633
67663
86784
13297
49259
57284
36852
79017
85603
55240
62038
65128
6546
55135
9424
30691
31284
78012
61776
66965
95311
67164
35360
83684
90436
49738
46863
97823
639
68513
9723
49623
52527
96506
62919
1785
70141
99770
80801
72096
55009
59191
37223
77906
14325
62998
8596
61960
41010
86724
28925
52672
53887
64284
52707
60674
14021
15921
58496
31011
84434
84571
80633
36960
97428
43551
38745
67569
59672
35897
56016
14680
95087
93238
8937
25764
72588
17533
87723
13597
20608
16647
82620
74494
97282
35327
35168
11302
51247
10015
58664
35680
94585
39296
88992
92013
99198
27736
75933
58869
63632
31948
89900
75071
41537
98837
17186
14124
16369
4908
44072
53328
37907
43044
27821
35188
78370
79340
62842
45968
5707
37857
98000
16643
77153
86991
8655
92702
14726
939
51571
94709
49238
41470
86131
7127
56658
3316
37602
89378
24576
81674
42705
62482
41069
86878
14021
35790
82569
93214
81757
88275
31071
79756
4918
24575
83098
29924
17276
14175
30863
85198
25236
96452
43020
11366
3578
99677
31034
41180
89055
55609
39205
48111
18090
80273
34988
48462
16062
17557
41676
14170
5831
72746
10278
27100
13672
93375
57024
47299
7550
4238
32497
32785
689
75516
60502
20619
91544
91535
78150
96950
47143
33706
45061
81584
13978
80048
30046
46391
13956
88073
76912
19787
77170
87189
46886
90841
96916
20261
38139
4465
24498
86987
53601
41539
62502
14102
62157
70398
21989
40306
67347
69131
74011
12407
67067
4340
8807
13464
67082
22762
1536
43993
58900
78705
47534
22138
85897
44449
42398
24035
65265
83248
11022
18865
24786
89875
49318
86942
60272
71306
43599
43971
56789
17609
72729
40207
38300
81535
53670
21733
20649
55205
65725
95900
50261
29610
18037
36157
90410
76787
76543
55674
60034
3916
90890
84819
93791
56560
88112
70414
44217
31710
30736
1005
65670
3465
41211
20321
1351
11232
42053
21999
66436
24129
34251
16696
53739
68639
69204
44148
45425
45747
16174
21810
49662
23415
22980
59804
79974
11091
46570
24191
59152
77305
41547
41173
80769
99110
61493
98472
10341
3545
36822
93129
27674
71072
26176
97764
39711
95380
41911
1487
57478
74436
39649
23491
97851
62628
83295
94176
90071
46216
18366
49222
23520
76265
90395
20641
91726
68239
19112
18418
71784
55933
11546
99457
43357
54074
13572
83067
49453
71834
905
23282
46270
40553
46772
44120
19533
46418
54647
9603
92633
73013
75176
16153
65629
81922
53145
57354
50161
72256
92123
21944
44540
3669
37752
87896
57742
67675
87314
23546
39508
4571
63179
85777
45123
9950
46248
81007
56368
895
90609
65352
90259
82137
97856
55887
64058
51000
29592
30570
39607
21714
68865
499
41734
22968
4746
15827
90642
92060
55724
30150
12982
18902
15926
74456
28852
78526
55463
1571
79420
46071
66922
86030
44559
64778
41916
8617
32129
87859
39186
71736
25924
24403
72234
84010
47370
76979
99836
38012
85390
55560
68161
98371
90813
438
89179
36016
78963
44641
37586
74734
90711
20860
60763
51622
1989
19030
60238
34117
6888
15775
22204
49164
40177
10789
33173
87547
87768
49360
25558
89509
21271
10070
4232
12084
10507
93410
48099
89470
38050
2037
64203
45112
39248
24966
96733
41236
43995
73322
91704
67235
89097
13908
16398
45625
24696
65922
49523
28815
15281
75080
18324
36552
1501
38907
64987
12008
32316
13085
17829
86717
31473
98383
48180
70720
39700
44913
28307
47
18234
20011
67281
23682
50270
30
85659
74965
65951
35181
20132
97583
26613
54807
34134
28113
93713
15472
56472
42380
28557
90652
29096
76381
89035
77275
47101
28734
38539
75407
28780
73125
11769
12412
13158
62038
28793
98816
37003
11095
50349
73486
8678
76961
28292
59163
5073
22004
74635
77897
80735
19543
68548
26182
95923
57582
3456
59375
2668
58347
34782
47799
47823
46550
76563
60980
24940
5355
76148
78294
16450
26496
51779
41479
3456
80070
641
24880
18425
91627
19128
99159
11169
87676
25340
23444
61609
45147
82818
80628
19845
17599
28427
67667
80501
4989
28647
5440
26695
21146
85
43144
47641
51863
974
67448
31932
17967
8679
66708
9593
27807
65866
20762
31834
91205
44205
93442
52703
27022
74070
72548
60973
18848
40214
57825
40188
85212
79616
66882
6357
79700
26378
70349
31562
27351
54148
79845
45317
62827
46552
54910
6985
28769
92023
38818
36325
52579
48611
89027
95952
39032
61574
73276
57879
18140
47452
98066
19703
27067
64948
42412
6766
91325
12760
54679
35027
83260
50875
80344
62438
97426
51605
69422
26194
59979
24591
62518
28909
73201
67897
41212
12233
45822
30840
70111
63961
78291
84529
83664
5358
49476
26075
28475
57152
55186
99506
92178
54797
50380
88873
17234
47806
56829
86655
90351
33159
11245
69221
78419
84446
37117
19631
13030
82938
50470
99492
63251
28760
84020
63266
50469
33495
5692
78944
6998
77229
78449
15528
32026
45180
20752
49259
9337
77581
52266
99688
27091
63510
85260
5510
64307
38728
41492
93688
38017
8313
93180
1267
53424
77199
80884
3893
27046
86575
99188
34043
80156
93988
49570
12181
39167
70322
77791
48504
64254
30056
64543
7696
9918
49802
13205
74224
4881
71048
84264
42897
79360
77443
60516
32784
54641
41399
36676
98038
44326
52215
32081
24481
46202
98002
53013
85368
84675
30803
50223
65280
60859
14765
72976
70776
80918
86180
61351
85798
57228
45614
45047
52939
39408
21914
85722
94049
63312
38749
8438
23989
90963
40518
64821
53516
54872
17833
55236
55898
48636
5458
21178
25846
36575
94153
12973
33844
96684
74323
35994
70263
36289
81040
23202
75696
2953
25275
86096
82616
64024
94534
6605
71338
51403
87777
41206
22626
5610
96441
78524
70597
18250
99701
96442
54824
10205
25766
88668
23240
88
24661
93503
52728
22052
33056
28424
41356
74682
14519
23971
55057
25404
46927
26395
76807
34704
83952
99432
56665
80392
94307
27261
98641
94007
40054
69817
20563
82171
74836
43803
98610
15848
53657
51338
37899
3064
79761
79254
77745
10631
19576
32802
52387
66503
75548
45545
17558
59499
61328
90574
56242
55635
34186
71234
65993
90591
41050
86556
72761
32237
46710
71370
48084
366
22707
2334
3429
18819
97939
97525
45802
17515
30326
98188
369
22225
43732
34278
98075
21411
24851
54316
77045
59036
25550
43038
49626
82951
45945
22386
15188
92654
10107
79623
9371
32814
81957
29151
51632
96247
26675
13785
30113
73353
28324
46833
95577
88407
81110
93652
9818
22312
64319
86862
97699
89868
46251
63676
89171
92195
2413
20710
84848
12520
332
94218
45333
98640
23368
13316
94887
66395
43453
41351
39747
71776
88184
35323
60183
85645
45326
70000
24309
9645
73213
22007
99512
19464
2035
5034
11658
4447
25743
12858
16966
26075
7075
78650
41066
46795
8318
35952
13189
51770
93655
52935
23545
81838
4609
79
83834
49935
70078
8142
59579
43291
46501
75442
79106
48535
80476
90763
69333
22570
3620
2651
48644
27047
81300
89710
73841
5969
42013
3381
57738
35667
72667
97635
33856
77275
97713
17690
43561
84143
42183
19491
43785
5035
94933
22890
69921
91760
13652
39254
14329
33624
41904
79325
60670
23203
85386
50862
29172
27398
54242
3261
79417
43260
895
13272
36886
14960
47313
80447
15454
5848
16289
59238
10882
27573
82127
80803
35684
12130
20056
50013
45753
78311
45689
6422
1513
31074
73635
47036
74823
44228
66649
54239
87487
83895
83863
40725
15206
47527
37523
30659
53374
53811
89896
80608
81384
88374
61410
17067
504
97817
83431
62608
76127
29119
69030
93991
76544
59016
57379
51367
3244
24027
21957
90730
24273
5819
31454
39479
69698
68976
70137
23071
39139
76385
3678
20522
64758
81439
53940
65261
79255
37371
27869
71733
82841
13250
65724
59385
72265
39454
27103
75508
79832
65411
82590
4104
71230
30395
59934
40927
15723
30071
80349
54861
6455
379
75382
71212
81817
29321
52825
77424
83043
97045
49156
82236
10294
31231
57972
98910
70684
85074
90770
50515
50484
73359
70971
38065
3753
30904
95343
19475
60974
92044
90687
83780
92422
66068
71344
74238
11741
24168
51661
11135
37564
17169
93370
47857
48399
51341
63118
35435
52766
53887
2301
19602
43597
73271
57666
63702
4175
69361
83176
81500
61404
73863
65280
70177
56282
52975
44414
84374
93494
12427
95509
31057
45947
5230
95265
10697
56571
58382
46131
9336
28621
48432
28937
72217
21702
2955
35918
42228
88667
35446
23728
66422
25660
5359
36598
98293
58333
97363
82667
51826
9789
94527
82882
72087
99756
94498
82784
56326
52879
28914
82014
97851
77345
27302
70068
15399
46608
22337
57626
35274
57782
81353
1695
99793
3063
38292
98086
61395
35655
97104
29572
61795
91630
28805
33882
91385
23302
33017
64063
92533
61930
62428
90383
55627
6081
76802
71025
52689
99139
45002
4314
73272
26355
6009
73065
29417
60652
87502
7164
12658
84605
36735
90805
76234
65540
41038
83970
88841
74054
64384
81373
52335
26811
88108
7961
32892
64909
95337
1932
64047
40339
6245
37319
83045
28605
26735
28813
89257
14236
35976
18266
98840
72711
9070
91425
54602
50107
75394
59794
40512
56130
57519
92847
99292
45626
807
48535
26886
12496
50466
90933
52834
56711
44603
35878
1667
87689
64690
90923
1924
17018
25541
17115
6080
34610
8539
60681
1069
284
20474
57932
56413
77992
50778
55705
39969
67937
20591
66855
80432
71057
74139
49617
44119
35093
85494
45785
22781
66535
53060
24704
83552
78600
41818
89631
29561
66708
50311
46981
66991
87137
4913
39756
81480
72042
11812
21449
39978
32402
4655
36761
19810
78793
86377
80280
30237
88222
26065
53017
54757
95476
94072
54660
90427
52241
44291
36339
18948
10953
83320
2290
14441
4584
42045
95921
76625
70208
33721
32955
18962
54727
69715
38771
49871
56092
19051
80107
60665
61467
33123
15421
73294
43546
70081
63720
95786
30723
58
31085
41675
99729
33374
56116
4312
91771
68388
80937
78330
2108
13891
97291
56834
99957
52414
6704
72400
71464
3162
33065
49282
36284
64837
22575
96181
34917
2646
91966
65639
19055
39402
23666
18784
89127
96133
39447
97249
64520
20383
75579
82979
50625
89221
56164
66934
41634
62867
39333
29449
66028
72397
78730
18663
37234
1304
14843
88502
20301
23160
70493
39356
62561
10510
58139
51687
6642
97585
48936
87513
34320
40866
70491
1296
30086
26654
68229
71720
5872
23914
1168
71899
96310
96250
6913
49895
13905
38107
54749
34206
61266
41593
73561
40178
52102
48051
8216
58743
61987
57151
62607
96306
14368
33097
13954
44454
59750
98534
32525
65621
22447
50044
53871
18757
46293
77135
85003
60198
15241
56103
94403
76506
97695
67963
33035
49796
32365
41250
24890
94351
14753
87496
7009
29120
36944
20962
89925
96693
19495
22449
78665
41942
72493
32535
77050
18785
26021
78404
78982
41261
34507
89736
34118
48553
74050
67152
98349
6414
8402
39590
765
23154
43438
24125
68625
80381
45086
58550
77074
80932
80998
72090
39225
69842
20977
32626
4979
46997
11030
83960
88258
61888
90048
38727
10440
64097
5879
25140
70511
30632
81082
87627
70137
24519
11751
38761
4899
73188
13662
98324
70471
11012
86766
9696
80853
7742
58673
85831
54738
86054
86143
59347
64293
76190
98074
74733
40286
20304
16224
27148
67287
97305
31126
37423
38175
42876
92535
59426
32415
6197
74101
2886
17208
60866
28933
14412
68607
3957
16595
39697
90011
2737
15395
54303
95278
29820
45387
51915
50123
77963
79063
33761
75267
10188
71183
29794
69416
80070
89219
1830
2618
63319
21067
36177
24185
66351
50588
9143
70308
67182
65191
60318
86270
80586
30972
81547
26757
76359
49814
93232
54321
28876
26992
45939
55415
14527
75732
41182
94596
81302
59364
97213
60973
80430
33389
1509
63133
328
10651
33440
83862
92194
10109
70131
72779
57432
68030
15887
33790
17843
9118
4462
63070
36110
66753
34836
50636
58836
76018
61583
40138
35381
58795
1110
32162
8535
18970
11646
25214
29620
45085
9075
21813
71545
95558
10943
28977
63587
26830
79118
97781
52299
99932
60850
88408
66684
12037
39043
25519
88054
625
82008
39786
75771
99469
88300
657
18438
99945
25871
64410
61382
51297
2574
49278
46854
29869
78254
10440
73050
73724
24572
25348
73655
85421
13756
40338
13810
69150
82208
1863
86127
80568
58001
78249
96388
62652
78906
14826
78948
21128
95587
40329
72424
98160
5959
19278
44380
564
46069
17429
74287
70641
42777
47941
72413
72884
4630
86222
58385
3190
4437
44511
109
78789
22760
96496
41440
18017
11321
20387
39144
23259
77068
27919
21419
83026
47196
82150
83589
9617
99579
57876
96609
58707
22168
69021
47942
43150
71595
6326
62691
92383
67189
62799
71171
6300
59294
12610
24316
86967
32996
79811
10225
26415
7729
47995
9440
71277
30145
93029
97245
46075
67256
93853
21133
5775
79225
69074
65276
67171
91751
27966
59553
58939
90764
30723
81590
66410
43332
22257
69728
92680
2067
79952
19094
26148
44299
44886
13776
90795
54266
27372
36869
21521
21224
58001
43647
16800
43426
8923
83971
35176
53240
43523
94115
44004
74246
92056
26765
33929
14313
96492
26608
16379
92795
62054
58878
37093
6939
89005
44239
77556
16376
81107
99076
37599
55459
59074
54399
98884
67996
54721
34060
37588
98243
44526
97943
72488
36581
24707
22769
50893
21198
65728
83624
30344
27781
42501
83789
51071
47858
28027
28626
64233
9134
44053
1832
80944
19479
72582
79828
3826
27302
30239
41413
41896
91116
39355
30736
27696
64061
53504
94941
1610
19231
78564
31954
63364
37416
15742
14434
85273
60120
59412
65858
85605
19816
67689
66549
39294
56622
62728
43120
275
92966
84532
42170
433
23887
72905
28128
4299
42760
39420
22261
61991
34335
54214
25354
88103
86307
56139
89727
62778
31902
55584
48383
51718
39624
14931
7363
96245
77658
50482
12871
86975
51366
71393
87407
91604
60649
31886
95902
3409
71306
18162
81751
21992
88727
23456
10094
91385
79594
99821
54163
27848
55404
2545
79565
11380
33827
3279
7624
11484
53761
36847
14810
5126
8239
2216
96729
68887
50453
8982
72295
21758
43496
54045
60102
32222
93852
70195
39959
73446
86367
94121
17645
58123
13017
13561
69502
46843
16839
93477
74678
70599
30323
89487
92076
38561
8054
5156
23800
58506
30490
96094
96616
73985
66491
56717
6206
60342
26911
46164
50139
29630
56636
67783
87752
86004
81343
73605
32846
14534
67081
23875
85132
97404
13361
93560
52316
21414
15067
76115
96272
45556
88561
92887
19540
71403
49603
42098
48096
92865
88261
14587
38846
61249
98721
26597
47252
96416
201
96450
10949
83634
20324
12432
97389
33685
5991
49704
71450
37410
42171
84073
82965
30731
76959
2505
18485
42913
44602
66580
52130
49214
81166
90975
26814
96239
33924
74066
92654
50476
86867
3602
34109
7190
16033
31497
57226
38376
97553
45028
75785
39723
29100
75101
86805
22411
77605
5289
65323
38558
88220
17452
4124
85738
24779
30937
81976
58702
21354
74629
9177
24572
94582
43286
31762
26966
91134
5339
65341
88686
66718
57477
44760
95818
32578
31564
34580
26534
53204
99902
81444
57776
33706
85567
43513
58484
32855
41840
17185
54209
32820
42713
78780
27401
85998
26893
70718
93484
48584
36059
82169
15301
9887
26929
27470
58816
74844
62049
85350
28048
78303
66793
85823
28360
68711
45687
86843
1565
3878
20379
72125
36697
63091
67257
80449
65441
10501
51166
58924
59084
3576
57444
90737
13463
724
34558
72278
75568
12959
73979
19967
7613
57123
22141
35972
25833
67827
39166
43750
88056
59544
15874
24752
38986
99482
21552
20778
9983
72717
79701
85418
92645
53497
92506
6107
54220
27064
94736
29787
56374
68715
49753
63986
25837
88245
99957
68022
72423
39122
11771
60478
15017
43996
1581
54002
43478
23132
74780
69812
12201
70832
71581
4845
24328
64087
27303
78548
7502
38390
24686
63875
7104
90791
44212
49293
79035
44168
17314
51458
99641
45436
28287
14657
89431
29868
68658
49260
69351
59789
35423
81551
46973
7004
2747
71300
87442
30049
66199
11295
68439
7237
91521
91894
98027
35732
57538
93413
96251
91203
61222
95891
36638
89509
10547
42421
35728
95556
8032
5078
71697
59807
2981
18669
83162
5727
6320
70603
52128
72519
98249
36918
96107
6121
45163
94133
41852
2701
3897
54454
93903
65119
50344
46893
70979
77242
5665
23058
89149
30048
28135
77197
89854
47467
95865
73015
53194
2185
59969
21673
91055
58217
58590
87161
80689
20104
97645
38892
22804
17893
93345
33059
99363
60040
96303
70341
53633
1967
9750
59134
32014
54237
36330
38220
1703
48547
11234
71248
67083
71203
92920
74489
45771
67861
61649
26460
87965
75645
65351
27120
93537
75048
60178
9252
35087
56480
79592
5072
74798
5694
64205
23164
59930
534
61383
61632
65432
88968
32880
32514
60170
25799
7002
22293
10012
85002
65104
97976
60646
30454
25095
70535
21853
1625
79786
73292
74456
75729
78363
49254
81422
42567
88769
41351
59452
66503
19335
24884
55470
52214
73749
31992
94364
80751
54284
4375
65752
35739
18702
42750
82544
60149
29636
4397
78125
25773
77688
52580
1501
56050
18185
99275
14968
6953
56977
90771
89807
76311
32006
45277
44876
5755
93620
39240
86505
64255
59966
68608
99993
95020
11357
82536
71520
57344
3284
49644
83116
80971
2223
969
53372
36760
243
84691
43712
73571
75462
49871
66234
7467
11499
11109
13221
5118
66700
16077
69372
26666
84685
85716
38037
12393
84603
9556
69737
87887
59199
52852
85209
77773
53820
38581
14532
70414
39623
74596
60337
15084
24466
26570
38903
35964
37678
68475
57433
4378
84552
43156
47395
85588
28871
85431
97980
13473
94986
67716
17711
70536
36920
2920
48308
90739
57852
79192
77505
97474
53787
37841
28910
78252
64410
84164
30567
2087
52638
87999
22816
53541
31154
70210
55480
76376
71992
53460
6200
66977
37527
23911
53864
74446
43182
18524
81537
17385
97715
59041
14858
51501
13233
60119
46104
77642
44282
93022
96080
13272
81020
35248
83164
28525
5457
38644
21252
77449
8455
27451
60777
45981
67713
14641
36779
27246
49516
18315
44630
47230
93707
75840
15082
6939
35958
61185
932
96592
54206
13363
9863
51577
48610
93026
96453
54067
48021
17704
47867
56475
61506
24995
2456
45571
55987
39234
72816
5502
73900
33798
52731
67606
9637
67812
90896
61946
45348
91827
58537
15905
21541
84751
67481
70151
94129
80285
40569
42149
14340
88435
98624
75846
29781
1079
37768
85768
56664
26935
91269
46915
60732
60352
30872
70368
44515
21767
48666
89863
29945
7202
22119
51485
91953
5952
37987
86081
86236
78555
44581
576
83341
43204
92773
13122
60634
30540
15241
33649
57474
22861
80563
34558
83212
11434
21277
44079
49552
69942
50293
79496
77144
72411
47333
85448
78362
85319
87880
64598
80226
32460
81525
63566
75664
74297
93039
52649
21188
8279
86298
95013
31140
66860
45922
30703
94646
67199
74781
44197
37140
25073
40045
30635
97484
3729
16082
75845
5399
3961
56794
85624
52773
38318
49190
44788
28966
58580
97436
66505
66859
83733
61518
97998
66945
23791
28700
61590
90989
3481
22138
28129
44905
62182
58763
42388
82262
91197
18233
87661
11509
91378
73284
64281
29696
38825
25420
75013
97405
22856
41518
80615
6588
19387
78612
73532
43177
23663
51473
34166
43495
73611
78646
88400
52144
53760
30787
34406
61308
65371
38418
72817
56749
11701
53449
2796
66878
78869
77808
80634
1724
35677
61248
24663
55063
39859
14547
98240
79873
82371
48757
23368
55981
27402
28119
24477
97513
75257
75234
58821
40628
13651
31637
13728
41703
1437
32875
8580
96657
27034
89213
14732
62711
50460
39395
34125
6670
70293
32364
2895
52663
97472
42614
24996
41225
70732
49472
38738
45988
41057
97558
2967
54707
45546
33046
96409
63334
82272
4989
59991
9306
10553
74722
88368
77365
30468
22492
84034
760
54856
86928
69775
68679
45893
94770
9904
16624
60593
48641
78964
1649
46198
81930
72707
8095
31328
69115
71428
13599
90455
31418
22904
17360
6140
11271
94724
52959
33763
95109
53719
4970
98389
23493
73648
44281
34614
99903
60905
95206
48543
39868
13206
11092
38149
85912
19186
69476
71378
90614
99427
78185
38383
38682
95544
60874
66305
6619
13833
67
1727
83903
21388
115
7395
11387
44396
58360
11290
5300
53565
76184
61519
83122
87276
99667
85385
22813
85495
56762
29778
84921
51298
68161
39954
46841
29034
6258
69811
59218
6324
71538
43120
44063
71652
66866
71802
32399
25225
99443
37698
95141
91978
15568
78262
79253
31587
63646
18418
17081
36760
48195
18353
88057
16355
58306
51250
61741
64564
21060
37310
87239
8949
80430
47654
80601
47295
35807
12999
88872
35249
67049
84012
43578
82616
78626
22831
30554
58623
57600
47634
95382
5794
82338
99791
38501
56996
51040
241
37911
88451
37550
41501
97400
34331
89154
94352
97978
41312
7350
86849
92912
90750
87212
36490
89718
82189
75672
20271
40812
33271
84257
36193
39064
82946
35983
77564
39941
3374
94156
94203
91825
48058
35704
89224
98740
41209
83575
96717
82521
7276
99917
75432
14378
3481
11921
4095
85669
87592
40717
42832
37214
24973
79025
76278
24271
31359
70193
64211
51085
80701
74766
42909
45110
10469
48484
43849
51677
48410
56918
50549
72037
73186
42333
86414
76666
54253
6860
78687
58197
47577
21518
11762
88901
16894
88039
13171
64605
74584
93734
15689
55284
68499
58597
16745
95319
23432
60593
63347
71841
33862
13896
43877
7048
56228
46643
83713
26832
53502
78751
1380
1078
269
13142
6331
17162
17532
19501
81766
92115
29586
97454
63750
98084
72402
96846
9754
95833
57439
73101
84025
7652
86996
44254
14699
59575
90896
14764
86406
44397
93514
87786
61827
10134
17279
68157
43648
34810
4009
41765
43277
49947
55571
23378
48030
27972
20224
57784
40157
94014
30884
40533
1665
34231
84786
32716
93805
75681
47479
96562
36430
57344
84347
98256
67478
17977
82764
11125
52787
3124
52889
12415
53070
24811
35792
17452
52783
56015
91587
9291
50028
22470
49823
68045
73052
34609
760
83208
26641
64590
79769
63070
21933
64116
61325
5762
98444
60440
33238
67582
63564
86127
79996
16633
27289
15788
34084
80071
88154
25670
5713
54534
64491
71888
38930
53894
22848
39689
37101
49488
4278
16870
12558
26210
97337
90234
48324
95780
67026
81561
63362
30589
84039
59709
63573
11328
91848
14009
91398
80002
56030
13463
50887
36873
85350
89816
90766
8197
45856
27867
57684
50133
61088
86593
92694
58424
93179
41017
70555
60204
22578
50268
7144
6616
9977
87068
17943
1824
1076
25693
98177
73458
55507
49063
10330
40856
55230
17447
49052
1085
61665
23087
67569
22752
26032
60263
97527
19210
17631
68082
95765
56560
18349
19260
79528
28325
6327
13822
30149
23755
39514
28325
97212
11372
93740
23893
52227
48969
41339
17630
50054
3004
40717
33974
25755
66748
94236
39634
2309
28219
7715
98073
84778
26063
33684
64305
70740
40010
78127
17240
80116
33992
45564
93679
45364
55655
17571
13942
4624
75262
31572
71029
78265
88640
5002
20371
55387
15590
60004
57695
43808
84070
72119
44937
26485
5802
25594
97224
62163
3720
14463
42279
54063
76378
52309
15778
32033
86232
46072
53008
61493
77643
24036
56109
66282
45389
92831
38020
60978
69187
12066
21137
53256
84184
66074
79740
89985
91667
93315
68499
11738
7777
10777
82152
84155
79438
97930
32539
65669
60353
85546
27161
37995
9581
83269
20628
54969
92451
58647
32299
61637
70712
53435
31245
71247
35860
27336
77583
27526
20651
46081
39263
28427
73210
37767
28933
52647
35696
61471
18315
12400
47016
45475
50394
72948
45095
87373
44269
53897
62371
92919
15534
33082
46353
63130
20680
82213
90465
98262
26090
11115
44342
81705
55894
33903
19471
84826
86549
71518
62649
4863
83917
26016
66689
50662
15316
28135
38034
75936
82032
404
68854
13917
49837
31558
77046
70516
13770
83862
85129
56212
94977
29470
37916
50870
79725
73738
52047
66273
45255
31047
87488
45523
73415
70528
96184
88730
98663
50569
64665
97046
67324
49870
27314
17160
81427
20711
4027
11549
4572
5507
67760
15900
51328
22027
66769
31052
95764
35168
97325
57370
66214
84812
19244
55980
71691
15427
44709
70353
82347
25725
83750
49670
75594
27415
83181
73373
64477
3559
84921
69049
9065
69032
84948
60392
91058
68069
91444
3173
19588
5120
76894
2153
89931
96137
58133
61621
27915
19193
48326
10261
44918
48427
76282
36863
92194
59462
10235
56670
63020
11507
25718
88436
80538
27018
48827
87947
11438
56622
91119
31025
61741
68012
33177
51671
80500
91309
29644
8414
10502
94321
35026
71771
59099
11307
24985
51292
70768
51572
7962
50139
63078
50031
38574
59968
93400
87401
47914
4837
44022
39033
52213
5763
23396
85390
73785
3896
93050
19780
28661
3551
30452
63687
91673
5903
74993
16658
57194
62113
84581
81507
12251
47658
47890
67177
23977
41289
70929
71891
62478
14950
10923
14690
37064
50670
79
27201
70917
93129
63332
99578
13031
10136
79616
21056
16038
70960
37713
73231
33072
22293
71090
61675
86302
18979
28851
10279
60267
16131
82169
22744
31080
9443
53786
84496
76464
53864
28048
47381
63344
7731
63310
92727
17866
59277
13782
33903
30236
67846
23486
79660
6490
94575
57686
9143
29905
2888
19421
6523
19018
17941
45619
66449
43735
99404
50944
36551
69619
95343
83931
49315
3074
63592
42041
37291
22868
55822
87546
53103
40019
11031
49114
46508
21957
6799
55650
68213
9686
91423
74735
28703
25715
20353
95152
85802
19756
62447
22352
89375
74142
6282
38689
77215
86225
97081
30857
9092
69254
18402
78546
9272
45784
27660
55779
84092
34458
27780
52304
44144
19202
27039
89198
44917
47391
84349
30718
83499
63148
53069
89225
37289
75702
27913
30855
61926
41345
61711
87369
10598
96465
65914
19869
42248
93573
91999
26340
44383
19778
94995
4878
38980
22033
94075
248
85776
94776
47317
69274
74275
16737
58498
11563
8790
2762
58769
87067
44106
36831
74435
54703
33295
56700
74571
75543
66625
66569
18234
11007
2698
13228
32236
58029
51613
42662
58276
37388
53789
21944
6661
28063
55032
81510
55977
63821
84271
14745
67239
44728
51576
58025
99430
1222
14725
90352
76764
81349
73272
11349
8707
75969
40929
40942
33998
92541
99955
8625
46280
53744
46921
69292
81806
1952
50801
54135
82125
51423
68879
65715
96150
36806
23740
11931
38028
38464
2282
31143
36164
91905
58844
61222
67873
99772
18515
18222
8664
18469
43199
54943
72212
90119
40586
70370
8422
91386
24504
6898
59160
9734
72613
71661
62892
96352
83591
17271
51167
2224
64765
3682
94128
23608
64903
78352
39731
83417
12926
64746
1885
56124
36040
90449
62594
76625
60818
87367
84362
1673
10617
59873
11406
99581
31533
90649
95932
31475
7919
63450
50050
72684
67131
60529
12643
48385
38881
52374
31801
68158
17119
50037
40633
69511
40485
19578
46135
17654
6944
46849
19326
33912
6721
47084
33492
38254
37732
45775
86080
62003
9224
36130
51038
92706
96658
63680
57442
51890
16053
89242
20047
49524
39279
60679
35386
96115
96608
81520
13769
19904
28368
49446
53815
51441
96529
87307
6046
50613
33081
92125
28967
58657
28254
80004
67714
24912
43683
25156
76801
76088
30749
96848
25611
86379
73878
60996
82494
70486
58867
12614
90389
3587
62059
44203
55027
74940
47861
61072
25552
97294
69548
70870
72302
97802
50873
56367
22713
94555
81522
99513
70642
28623
12712
12604
15001
2942
89951
13846
73427
65170
26459
80167
68756
88518
40721
40134
63457
88582
17557
5360
85875
87104
76229
74528
84905
43453
30894
23969
38007
28768
39834
25001
57390
68897
37604
72390
71838
27555
86236
61616
92724
29046
41782
77831
33915
82503
34316
97371
87436
68224
19082
89662
55327
11662
64189
56584
55114
95082
96904
9473
23849
36737
34473
97590
21986
72076
86332
93823
15982
88919
55439
25057
17964
13572
19239
51879
12426
53554
65601
99861
21777
1035
5874
93456
12696
70062
66391
84162
81496
63294
93634
21696
16383
28106
19286
38368
16533
5617
48542
48867
10887
20332
73923
28850
33904
93162
80728
62681
63067
62681
62542
1196
63715
84767
94651
92762
54829
77393
76923
52676
40686
86908
90723
73420
31365
10008
28139
64250
31976
76681
13116
42862
97012
3390
88064
47267
12903
85143
9948
75970
47823
88841
93517
11537
73607
4519
20651
44787
81911
13925
13814
38948
17185
4537
12368
48549
30896
40506
29150
79224
33538
42265
22085
30550
45655
26500
94168
58557
11643
4115
50878
59465
9307
44394
87354
99266
65264
24356
44052
47174
38280
57866
2474
55464
78754
14841
20365
9649
71698
49514
88872
5236
91779
27309
52137
53785
53808
46304
28693
65450
66771
95923
41267
92429
40316
44972
91694
21932
69327
52098
69105
23958
26315
87930
79422
5068
2770
16138
14716
90820
65651
3588
12407
73781
30896
80895
27565
1055
43550
72610
82857
26672
68532
24123
19101
25199
85446
27146
47130
54772
79243
32587
95081
5557
20516
74502
26976
39638
90639
41692
46809
72642
61631
59215
46422
8878
40109
90339
9932
83658
79300
92788
10330
47831
33262
45782
73029
18707
72927
20159
89830
68522
69097
84911
90430
89612
75764
17406
45601
82755
75449
92409
55396
53431
51623
18169
62308
8083
24859
88591
8093
4158
97731
34774
51988
47344
80555
41369
66051
69833
77879
72232
38354
46975
73494
28784
52938
49258
62541
98539
48364
37989
90947
20111
7771
58922
38279
70078
67004
79490
75020
91448
83647
89102
26221
51987
36446
23127
9707
18848
92960
87585
91079
47665
34559
64573
92800
3848
30182
55340
2386
78545
9680
9685
98655
17450
68606
53285
3879
51961
32774
78899
43409
32773
68000
85981
1111
20797
9108
10817
39644
18419
98401
30723
66083
49311
11647
58883
53158
58180
30574
71896
36724
40254
97932
51730
74055
66537
21366
77934
34849
54140
73184
94609
3264
57535
80590
4374
78332
6049
15190
17975
24467
29942
65049
6901
95604
76695
82135
48761
51226
12709
37008
87949
69314
34939
56030
59720
17827
77396
37653
69028
47887
27188
63636
51150
84723
60577
71875
79406
66625
87064
13732
7443
33357
78781
14344
28960
71827
12830
94072
23053
41890
47432
27353
27555
98722
83383
87275
32901
77130
41279
1928
25016
68467
81915
92517
69541
42492
64391
48946
25468
67806
62677
49263
1162
57809
79958
46473
29636
92787
40544
69040
34677
87975
96392
62231
86697
96126
65857
19597
89607
7136
37876
30974
75602
19790
23490
61494
78633
4232
26791
20453
72037
5819
69715
89550
63628
49672
36022
9615
42458
92918
78654
93486
97244
91397
72069
83940
3875
37925
19888
9833
61412
57763
40807
53365
93905
64296
14858
88889
84880
41648
9341
56916
47467
79055
62818
11094
45078
98839
37060
3888
8108
32065
13725
5352
39813
85793
5643
60039
40070
25531
69872
1481
99645
10678
54846
9901
91325
86055
98790
76204
27703
24482
49472
75169
3537
12289
2614
64966
27479
56025
68853
35587
88089
98930
40938
27901
84722
46580
87940
41143
88462
74163
58976
88107
1192
30173
14359
92516
16227
13148
85072
43929
37630
34543
35449
57518
63183
54414
38835
90661
10438
24040
26247
14878
22969
83536
59131
24042
46468
63422
65185
34929
37584
24160
39387
38775
54332
53746
47642
70558
83245
49065
30839
37226
99959
82639
11095
63141
37053
49930
53802
63842
73969
96400
95072
96937
96288
70554
20978
42755
33975
2514
77683
87910
26673
33422
43036
97356
87167
7029
84266
86763
56094
31456
23989
56052
14094
35083
19193
67498
1364
89346
47692
75332
2097
42763
88620
98384
29668
9598
41138
63642
12111
18821
67903
55136
68594
10938
52491
55760
17966
53108
58874
90411
84563
99214
46463
15009
34297
82007
82506
35660
71352
30197
27344
73448
89311
15963
71832
18978
41912
12969
98971
54023
48141
83225
25510
33086
94162
94352
88845
28480
47460
64071
35242
48374
63284
81704
63382
13932
63710
45888
65944
51413
92436
93287
41213
98099
25601
13044
33428
67513
42364
48751
21535
6857
31975
63396
39942
42489
57747
45139
87320
5206
25561
22561
53580
88844
20617
33313
19128
678
95552
85071
52091
87988
94709
93303
2438
20309
22698
35865
87821
81413
84615
25707
4621
16590
89102
44563
75430
63201
6053
62749
68406
31613
85309
38337
36808
5925
88002
55935
22955
83553
41005
75045
71540
35713
84699
90329
72374
23748
26194
76546
5160
27160
2253
9781
60101
7706
70695
35530
70906
76747
98278
55664
24711
99939
10352
61518
22215
98353
17453
45169
81906
74809
36565
69797
26874
21263
60126
99247
45010
2671
92144
66522
29830
94396
76302
89931
18454
63348
41812
5711
56446
56442
77726
81156
56380
88078
59025
94946
86430
92829
56467
84687
67638
93031
54484
10863
30646
30961
26461
92007
33631
18604
58528
63460
29352
51181
69742
47805
14528
11554
69867
70973
67995
47593
68480
40726
52022
27505
52023
54803
20333
8489
39490
4322
1520
10325
15184
48517
41285
41644
40523
74915
60248
99051
54726
89599
66583
40820
53755
81111
52373
23621
68435
36719
87565
36915
93796
39586
64419
45818
94389
1103
70659
33878
5425
88530
60554
20608
37046
1838
78604
77568
93104
38851
92970
47829
28449
59553
88648
98555
57015
57372
22175
25449
10442
26092
78715
20589
65677
43133
66407
76417
60588
53417
26646
66012
41946
87199
2971
78991
5388
81574
72910
98491
20424
82232
46320
65224
58136
51319
63778
15150
25043
2305
56950
51836
28396
35665
72425
10424
95149
55183
3193
55736
8599
29838
38099
50544
33389
41070
45886
38776
22643
35147
37267
43067
17378
99938
24642
75513
67608
88420
7014
9002
7076
80316
60838
51823
15980
33262
78598
27480
88444
81790
83216
13394
27980
21314
63937
61368
78735
26174
143
1378
61320
53761
60796
95050
53698
85437
86914
21306
90208
10280
30307
13635
90595
7496
65457
22926
40757
44055
50405
45552
25844
49972
58945
70175
87638
39233
31542
66372
65406
31685
84101
43078
85445
44896
54479
55495
46685
57744
93152
36892
84375
39810
66879
74969
47306
32335
14246
4414
92741
64651
49966
34937
30974
8910
5111
34963
64495
36653
1335
46252
84689
85435
5681
86485
46683
60159
41979
93367
34255
35130
46610
18629
91292
13488
9950
38597
62175
24195
43010
54915
5197
9327
89851
36171
18237
11314
71133
99083
47966
88819
45334
49006
90606
51015
35490
37288
27525
77469
47006
61779
28950
9967
96760
20241
23455
6709
75189
1981
30903
34551
56895
36100
43877
63098
88622
78465
74411
59754
77547
38728
48573
22881
87733
55530
73895
23222
92817
17771
17042
56174
79550
62344
66140
76309
98936
5946
99369
90477
7926
30271
25027
64821
82722
68903
44270
71343
47368
35032
47449
41266
73759
96021
64146
77843
67902
54392
17416
77070
72163
50810
33243
68064
13153
99382
60724
12088
21680
60092
2564
29605
6714
43942
10777
89436
12845
55046
77130
76564
6429
24578
17829
96539
36950
98327
74381
4851
52718
8149
81920
24880
58958
15162
9295
72110
30896
70018
549
52575
30109
19465
98531
53175
63406
9308
42610
92602
80705
36091
85517
87134
60669
19698
83672
97618
18024
74405
18821
87093
82553
740
28325
41510
32254
37619
13619
79501
7637
30519
48427
54097
66335
46957
7271
46093
56264
66232
38694
36969
2323
40563
40454
62991
60260
24125
76960
94635
14881
12132
81727
97433
12872
10051
38942
61477
47670
68912
57329
55306
15783
5755
9402
82117
69063
33025
28209
25327
99256
83255
78647
1578
23817
35452
80920
428
75928
57880
95062
90809
70011
76788
88241
99234
3191
43535
77062
50860
12446
50742
22517
28228
56496
48270
26697
25559
81294
54905
67237
80550
54511
62235
82127
78327
97686
79399
95106
89965
37278
90167
80773
23640
83307
69014
39226
86497
12548
32639
53708
41345
83381
76224
85925
56228
24493
12621
98138
22139
83877
81726
2688
38388
43960
1166
33066
57997
80564
28172
47962
34193
34690
45086
74185
34348
14099
13410
37196
42998
46048
7255
695
45780
83478
86619
2008
24323
15591
145
46461
15819
81871
65500
70558
42182
83017
3624
16531
63581
48147
80844
14125
99188
25929
88309
49888
56380
1718
87083
99377
64118
94338
16423
26249
94167
19393
28256
34841
51335
44753
97653
67154
42975
63152
37711
85156
46169
57686
18038
26101
5832
98881
40225
21372
24810
28534
71259
81189
46603
74693
96917
27072
85382
13340
53321
79549
32732
81576
30741
84067
42680
28394
67572
85654
7897
5282
87162
70417
62968
5199
96517
85151
4080
53094
6522
28889
97979
94132
10077
44581
68825
6993
88005
70558
36684
41325
66458
69416
39252
97199
69834
81932
25592
53757
83937
49840
75390
71098
20257
54709
76297
33125
39860
80376
86218
62733
25616
84196
73217
35692
45129
58393
59036
33133
28950
95720
90809
95408
81487
30060
8958
67672
28343
34549
37780
12280
740
13169
83377
20996
67878
59673
54121
24089
56400
40338
3173
82015
40886
76389
34058
2366
34781
9446
51850
80083
5165
42658
75490
3003
72717
799
87026
1060
51699
24805
13339
52438
37973
13067
73434
22202
72740
27554
46290
45491
84243
49463
43858
41480
42203
77915
60197
76984
87360
12046
73418
8876
54703
65259
28230
43772
66057
15255
44831
17755
56411
74521
70192
94384
87587
43625
32937
76678
87530
79227
22169
88125
45041
66026
45956
87243
60292
6153
80578
64004
18198
53995
89231
89253
19253
17461
33024
1661
49067
94206
19415
5478
68726
89607
16213
72664
49583
49149
49342
53465
44727
87862
57941
89767
53887
3896
93362
30530
26400
90291
94533
44598
44286
83764
50202
79890
17576
83225
81551
66642
77430
17317
88471
46155
23275
4683
35170
89210
70184
84511
42674
14910
72372
16966
21029
42610
20861
14390
73140
63613
4680
84024
24562
65317
84139
74763
61559
1714
57987
43109
84708
35416
76777
73178
97922
52
77861
49443
89261
64396
33954
48286
79305
22677
65251
333
65287
2463
14722
54778
66075
35754
38801
90636
1070
22940
65398
62628
41005
39736
22088
25712
91503
98865
15242
5776
15268
9454
55219
20880
73849
5524
69165
53153
28200
50767
53486
9838
69581
84559
64615
52008
36664
19768
42643
37734
59059
24393
16713
63
80480
55153
42127
71983
70369
57368
94110
85636
83173
49328
22867
57021
54851
8383
10173
99403
59149
80010
9240
45081
80921
73855
97088
17584
93622
56083
71669
69032
96827
4734
85446
77306
59886
27572
65640
30254
1291
59750
32241
84463
25429
71459
41483
80280
79841
68008
96034
55341
64369
5273
421
45289
79127
97509
79225
89100
69943
50893
58131
66769
55626
43577
44074
31863
87500
9714
78468
5143
85815
27060
89605
11243
98518
47440
7874
78358
15447
3907
50050
79815
9180
50471
41456
4658
64331
20680
10110
34273
87924
68240
1041
59902
28168
61466
91764
32020
87531
86584
37162
73345
13643
43118
940
12161
90557
8813
6870
22355
12720
56920
18522
38251
23742
76329
42908
88072
97008
53017
38696
84931
37609
56088
44832
82128
33905
52948
30499
21436
39531
67660
11132
53173
27130
12071
81685
34038
20884
4907
72745
49955
78178
91266
88205
1919
83946
47464
6342
97305
16833
61389
82235
54441
17476
43419
52920
51380
12718
83419
89167
52248
67430
299
21772
94559
12369
19809
28597
33252
24715
1341
99558
19244
8958
87762
21162
9255
51578
43855
6559
68410
5243
88793
39202
22718
48563
92121
90449
61280
91891
79616
29879
59321
79914
51651
70231
92282
87811
98827
41886
12525
16519
41443
31768
41828
45557
69281
51082
13486
13135
57640
81895
34729
62785
21096
57446
11347
29568
64246
88979
37811
60213
18857
97131
40126
86859
67361
48760
74669
82540
6997
3545
15410
64791
51664
57238
26699
20944
8319
40184
50430
65959
38430
85158
28743
59525
58955
56441
5445
39553
61771
43255
99765
80628
56737
39891
67486
40449
5002
58507
22988
28350
62051
38398
93140
13715
11987
19839
51010
20305
76374
17792
2615
14804
19301
47709
90680
78256
20502
96124
34160
82272
55730
33924
62899
28818
90166
46737
69267
95167
21595
8606
23516
83645
63355
33008
13711
75341
52846
81073
11998
45571
98864
14612
60374
18164
78673
51054
12771
99174
63529
46930
81445
35611
80854
60696
64428
71019
23784
50046
82538
45378
58652
22405
45374
38358
55412
59085
13699
24609
40157
25696
70180
55372
56659
30553
73535
35331
81606
2658
50856
61487
65939
48653
97097
63144
9348
61524
50515
49483
11570
33052
94860
86573
55456
56585
24930
10868
15669
54980
35476
72177
97027
5655
27548
53686
52560
17435
5368
34165
36444
56224
95651
2382
4876
9099
65526
30575
86975
16040
80057
98544
65443
91268
1468
20898
47852
42749
48117
79873
97729
99945
52049
94755
21951
95949
64792
74510
13383
70160
25027
66178
42735
37029
68559
63962
46128
50436
94536
33102
66475
90944
47997
48269
98563
49464
69167
46414
8564
33635
42638
6292
33579
94687
1047
55530
90635
65838
46391
20369
52349
71417
86546
95083
8446
71456
59044
54573
21892
69931
4026
4718
77226
52022
52987
75788
17837
38505
38554
26400
72139
81191
32692
22070
75877
50090
93951
82863
32279
40341
19583
84628
11758
22480
96062
36555
93936
71458
91127
32179
57740
11504
36896
34966
63525
6234
10753
97713
44738
65658
24112
33229
46849
73155
55298
22725
39596
65600
21940
88227
5940
41522
89206
34049
64002
85267
70603
74289
73076
78081
6467
30816
89584
59714
82133
69460
65948
9237
67172
10685
74895
7636
60265
21743
97142
31914
60819
36738
97513
82758
24964
19805
40632
14169
70205
20985
15787
40808
11625
88863
35240
18091
36030
41176
77804
34514
10635
60103
60102
94159
70788
34996
1794
47404
73090
98935
79318
50261
52024
76830
33018
76987
12986
90001
7507
83191
27337
23294
40350
38961
28508
91941
57051
80889
33116
51207
15402
60103
11309
91855
54261
98448
26851
72406
45852
16292
87692
41521
66552
39716
18350
15922
33054
47688
5922
40561
30878
33259
63854
87579
88571
8713
79519
45622
89601
12635
13180
21354
89089
24488
13208
59701
39288
56410
32106
1491
72702
19797
43011
55605
75864
77712
71526
8918
25399
93800
49478
72628
43410
29683
60206
31980
38395
39725
93953
44347
68711
7132
82052
74151
47972
95259
33851
87259
68021
82308
88749
57074
2104
48111
12678
94320
25822
556
3237
51221
94355
69066
23848
37764
98748
84054
86095
53494
40130
80048
14192
25192
3531
96243
99342
51502
7853
33192
55112
92225
31851
60212
49298
50306
8322
61976
44625
34144
62531
47861
1716
73237
16926
25563
27352
32025
25968
29798
1870
82449
9845
16061
23992
29728
28655
23333
97581
52860
72876
69045
45084
4726
45608
94382
55032
53930
72709
99656
4425
51591
63869
22492
41179
97146
48054
68530
45523
90374
98327
47392
89174
24524
79805
13166
70603
24811
36498
68183
77670
25726
37227
39106
46803
82835
49839
1834
53116
38899
17842
73892
6841
98062
96383
48019
95207
60788
32900
57081
67513
47578
20825
56687
88453
629
86204
59055
41791
39053
43590
35813
64778
80816
74918
11581
80002
41108
29766
49469
80006
63959
39712
86846
62020
52446
51216
73579
13234
84115
30659
97098
31692
51483
70136
20145
68463
56339
95551
10254
95392
39140
62418
76521
36308
53687
4453
32661
94794
34219
98482
91151
98177
38193
94348
76549
90639
45563
50127
20224
29677
97137
33673
77720
64972
3809
14216
33434
60147
9767
60039
71890
48906
22456
48411
85213
76142
52863
34226
87287
87081
32707
78437
1610
70899
89136
94510
77889
34698
60988
14464
64374
58124
48137
58446
23095
68297
72661
72881
28443
82427
32919
333
31333
71727
48743
32897
64220
1605
83474
51507
5038
16180
46295
22999
3431
51783
17508
97671
86480
94847
12135
67206
52970
76623
25651
92417
44919
98311
65297
89713
80738
98215
90045
28422
86293
55139
77670
50513
73096
61144
18371
94485
77323
81017
33835
97105
32799
51342
94776
19279
46188
23262
86484
15509
99884
28486
7925
61154
26796
89573
50866
23885
4140
57263
52306
90432
12401
46328
57296
1848
7471
75666
96332
1145
73035
30166
98250
5833
97859
93025
41463
60398
16286
44298
92259
32521
72783
16535
93674
15931
6108
60891
39815
10247
18153
92121
678
46906
38448
57974
48753
62270
49991
61437
79766
23025
7954
78015
45210
22165
87391
86672
98914
20028
47322
91172
52548
36456
7707
62573
52386
13814
23464
92201
40412
41616
673
41089
4873
39120
15414
53626
17741
65405
31414
97506
4781
55719
91873
66342
77883
95615
53014
76797
15643
16687
84320
84542
53142
8378
63467
21880
22191
86930
14080
62602
44897
14752
20043
49770
70223
51808
19747
87963
33564
51160
1820
38345
6878
10044
4686
1113
5659
74051
94261
21301
7089
94932
22194
76583
3310
85660
98462
41852
72589
12541
20806
33838
27292
40848
83607
13866
9007
3353
18180
42571
70864
19999
97267
94093
30043
18304
11557
52053
8707
5817
73353
15795
749
95546
92377
20410
81206
7190
62261
70146
19730
83066
3983
63373
40265
87589
93590
49272
7293
11769
8194
94508
48120
5460
88601
94514
40115
157
46566
48821
22326
36270
80968
39426
31815
73344
59835
29372
96886
22095
15870
16615
21513
19852
96340
61777
23793
89929
27400
47437
1698
35593
41945
66169
57404
30545
60682
97519
47053
23599
62691
69378
59868
43658
8803
91682
33354
68637
37406
30239
90732
53275
46853
28596
89478
59544
90372
13270
49473
34124
60707
67522
86068
2651
50042
59824
49547
10723
57342
96599
34321
20032
65977
94188
80042
74779
2221
13395
59768
55978
43633
66851
9252
6837
95446
15082
66381
2169
28351
32205
36292
5409
16078
22360
24411
66119
98535
73957
93193
55876
86908
43865
92259
52884
54404
72300
44014
56624
2046
3781
28954
45678
70631
54557
52515
82428
69638
35247
84597
14341
83803
20888
19749
99880
59599
60512
82350
58133
34468
91894
30360
37727
35758
38971
90610
90161
27622
50976
63136
29668
71108
92089
75345
58091
46646
44211
40518
16283
79457
25114
30623
79611
62354
66724
95842
38304
27235
78191
96437
78054
86436
43148
15781
22193
82118
22742
12353
26092
73717
75489
55759
44825
67577
31103
19267
30574
91666
59784
46857
87474
84898
77479
67085
63603
44202
62926
1906
71436
57469
14694
49490
43904
57842
81622
82449
56311
4363
94801
82402
78080
86641
54512
39256
70570
1967
58522
1143
93632
34657
47999
81105
19554
41830
64541
99508
2383
43819
1414
90171
17639
16107
39660
61542
90300
21281
43990
62963
41995
55143
45364
36426
58135
16228
75681
28704
18194
50554
29847
11825
85211
94197
9281
21116
36026
90174
36976
54761
33992
38389
44931
51630
54495
84590
29523
61147
22222
89865
24109
80568
45007
85824
16994
19493
2051
92674
48197
20244
59580
94395
48420
61142
88591
57701
98609
40969
47874
35584
95729
98217
73972
40659
49846
44819
41600
95720
22317
80173
85584
46425
60740
46942
32248
77733
66435
34299
86759
30983
70894
62690
25377
19314
40183
13967
77014
38791
71287
41239
90727
67015
39455
81050
24025
5652
42220
81976
17723
64536
62148
3307
10960
39240
66600
59560
33324
49386
10210
36434
80368
81103
99123
22096
416
39305
52415
93781
94448
23701
51371
85174
7068
7177
66223
47444
29180
8443
29420
46903
72978
7919
66561
290
47158
49512
76201
80482
98898
86410
16915
95617
83864
32390
17713
632
88046
70127
10764
82493
10179
62135
84018
17246
85663
66593
64690
14843
75035
94109
78097
64364
2027
44657
81005
65537
94168
57205
62370
9417
59966
95636
21386
60182
28025
39098
60813
32423
25576
87928
31267
35754
66414
15285
69352
52077
81877
50393
83271
73263
44501
61367
53978
62879
22375
34983
44767
16542
8539
7136
42311
84857
2772
80048
45038
47148
35497
22202
79570
61072
10129
10837
13177
76543
42473
82528
44971
24349
32920
28241
13963
93772
89607
67940
73003
11981
19274
17769
44874
27813
41257
3536
29021
44028
83583
90410
7527
19079
12611
3449
96502
39091
30637
9679
31985
73109
8558
76955
13809
57830
21547
27771
67953
11153
12062
57307
39485
31336
75076
711
75500
32684
4246
20872
76711
4181
11281
589
23259
40243
4037
19761
79333
34673
45791
27670
24133
70700
4624
37941
44881
26171
82063
12834
53675
94125
86492
9512
41812
61567
10222
17311
94250
30819
38182
87312
34999
49462
87901
74610
