95104
51146
45363
44928
53771
12325
12325
12325
77754
35796
81142
13858
61518
51999
43594
68145
97693
33226
71695
4868
89743
89743
54295
73324
88629
88629
8632
42058
87471
14101
14101
77448
4229
48511
8249
17441
9468
35788
13025
96484
89455
39758
445
94988
72846
97223
91904
94429
19356
19356
31926
39215
92069
24505
18849
59794
76862
35423
50879
50879
7419
7419
16330
46335
46335
55151
96854
86084
33331
53179
94751
94751
36793
68833
34903
43978
16682
58287
24942
35953
22497
90824
33681
3207
56544
48901
37927
96055
73476
56583
15277
19522
31869
31869
56780
87510
22253
59132
41103
83423
58869
83660
66724
14302
94580
8766
26315
36302
85330
16024
85754
48187
64926
35014
51951
62994
13243
91785
79022
60557
90305
15244
54075
85688
51670
37020
23008
54468
18596
7965
39128
80873
45118
20929
84384
41391
12531
45111
61420
39104
7039
16076
50858
4422
59951
60084
29625
4752
88654
56580
15653
78278
78278
75835
48944
45345
10103
47769
88918
36371
65540
22663
45148
62383
28413
31350
42340
3738
52048
68027
89314
51499
84429
72914
36994
35688
50604
30277
33435
33435
50726
68460
32976
5607
36808
57682
69359
16449
82649
79347
80063
19685
67476
61027
79623
82678
83672
4891
4891
84028
82717
78960
98994
98994
98994
84908
38801
26486
49386
75152
76127
88774
17253
86234
78074
39064
50713
98710
44246
65341
4778
51455
52029
35832
27611
55111
87960
85405
74903
24839
3494
63766
11758
41889
66415
94184
90311
83005
73792
46621
15335
79957
95968
35051
33499
71865
41977
28734
43744
15074
71365
51087
15254
71641
65375
8210
8210
78107
90645
92900
70669
50811
59478
54594
64744
48718
13318
44141
4375
35520
11112
93569
42606
31133
73537
23641
38193
88631
67663
51647
410
43284
61669
1969
79247
90596
1776
99945
58262
21300
36141
87077
97728
20708
44650
51594
17032
92782
25743
71648
84876
20271
94456
15157
6415
84237
68655
96918
17640
27285
80816
37107
14712
44142
64070
44985
73634
78054
62104
1473
58588
28998
60310
4016
25378
68882
74612
52540
80021
72351
3577
34968
51524
22697
31998
98661
62269
8053
39846
73288
4377
99623
52515
60006
33788
33788
34958
21583
4637
54063
81913
56093
49353
67511
34696
51988
33078
71647
81604
7494
4022
10427
5088
86246
2089
76257
9667
49229
64558
5740
69328
9851
57228
18945
83786
36548
12586
9015
71903
11541
70301
13049
65684
61714
61714
99519
99519
55393
85198
66545
58198
54335
80896
88802
27643
81251
26959
33739
5517
5517
47661
74744
74744
45734
28
73616
81553
17431
92359
80742
29311
41462
79319
82741
36612
20768
99270
72505
8718
39178
30091
30091
10913
55910
39083
42669
1541
72038
47973
65993
64559
15696
70204
441
83621
78222
62408
38527
16450
75461
30972
67323
41627
92765
95809
64259
37871
38835
29495
36500
16791
71319
11430
58753
14987
49283
89294
89294
47896
37744
78324
40842
3233
98995
34157
22214
62411
23059
38408
35897
78248
85665
32760
31421
45080
45080
45080
29432
28699
49701
39965
39965
38852
29733
15827
70335
77283
98105
10223
63983
96374
35557
10721
63966
46740
57012
24563
47843
74907
50374
53321
21452
98155
92638
39087
33920
68130
84794
7325
86822
46052
20104
55310
2059
80552
3098
47037
69218
85850
26408
21937
61267
78513
52043
52043
33852
28067
58189
49106
80968
87279
29083
71771
9428
6358
71776
71776
38598
48886
54401
48704
40861
91974
14756
76517
9640
35280
34195
40996
31646
72177
28062
30065
80518
52845
53610
91721
95404
17500
50185
8731
75334
37683
98783
13856
33402
86178
175
2499
59830
44271
34871
58421
25797
99473
15075
28778
74564
54446
69641
8093
34108
65782
92310
80200
97680
82876
12474
16543
80963
63677
1065
26050
67530
85595
62835
15602
22640
22640
57640
10562
79200
46649
80496
13531
18554
48366
49336
52768
82913
96923
9003
67980
66570
41586
12114
82057
3758
59726
18846
14775
61433
51995
37444
28549
10968
50522
99327
27258
1868
34089
13888
62367
95616
50890
67398
25489
8565
42040
95665
70739
20057
63272
63272
25341
91740
71997
14091
4056
45850
48202
50696
44006
31555
70577
10696
11499
94083
76992
5090
42750
82055
20520
91622
74706
55663
67073
45676
86799
31465
98748
66307
54469
19581
12337
99412
43190
60350
45743
22364
88199
24257
77247
64095
89660
4851
13140
13140
13303
31671
414
79415
32557
37245
63262
42000
34115
97804
78369
3142
13290
13290
29042
18268
2304
56819
32638
9223
74468
46330
46330
14257
90534
79813
5772
33199
99486
48928
15458
40177
80308
35114
37424
96973
73724
11833
44847
53247
76016
13194
38759
77020
45324
49680
12276
51973
90608
53106
30939
35551
35283
35283
87896
59657
46963
21544
48497
76362
5678
62569
11638
80705
72852
12525
16173
84640
4597
68508
57067
85278
77862
28811
26789
78239
19588
25474
9
493
73973
65758
60315
96571
46610
33615
60054
60054
12345
96495
91167
8695
50580
49600
67054
21531
98505
78314
11625
11625
11461
53140
58986
71213
50672
46152
46629
85087
50852
95225
58764
13323
62674
74663
61829
90670
66324
92417
46959
85952
43508
5665
93235
2039
2039
97798
94014
94014
42295
51117
15754
74158
35643
66361
39006
75893
2422
7032
71642
62819
14130
43555
85193
31937
44112
18998
9855
73926
10620
70532
7557
35942
99832
20393
53136
57582
21766
21294
55438
40533
42050
27751
60923
90650
42491
90504
4077
6682
46282
62378
83714
2763
5619
74763
10586
30755
30755
14027
37544
47385
23085
28951
17537
2428
32347
16336
37731
85845
20384
61844
85343
70953
65940
81581
97543
97543
81419
33076
21199
40129
22018
33603
73940
73940
17965
32762
17919
63711
91159
16351
12662
33979
61492
59257
73675
47728
21959
22115
50446
23376
77003
38236
79511
67718
21111
69057
16706
25640
79078
25993
75136
39139
65922
98404
49614
25475
95397
12067
18958
95456
23395
95390
95390
91689
14335
12371
42070
65764
58196
25638
60741
86029
57839
62224
8287
95785
80180
84455
8160
34949
5448
5448
93213
66563
32567
27524
36758
55582
63503
88045
94630
94630
55672
78848
99745
60559
42314
14174
37708
3495
10344
76215
67137
99743
47542
31274
38565
5632
37588
59910
63544
85944
70836
60749
60749
8780
44467
32893
35906
93643
53967
53967
41628
97383
79350
22427
14640
30160
62112
84777
74360
85093
38532
26172
26172
14613
26630
31719
66394
40906
28698
28698
28698
24721
96886
22022
73904
77672
41040
20146
58182
23519
33108
6322
40726
11007
20892
36953
27655
73156
68689
62427
43469
98382
51996
30412
42906
30211
73335
99766
9069
73985
60730
48853
93796
54781
45215
3466
9238
51952
72611
96332
52535
54508
54508
68109
68109
9481
9481
77094
2582
86329
17474
97236
14120
95816
95816
19558
88799
27927
68136
77845
31124
1845
31062
89839
89839
26485
73627
70899
35362
79904
42437
24083
24083
15436
58239
53201
33730
12090
55490
70747
70747
60360
20163
70810
49541
2358
64600
76269
84660
46939
43501
71691
18693
54146
86104
2322
35709
96995
5359
97398
40227
91024
59340
44947
44939
50086
50086
18121
73563
59845
47522
78830
13544
76308
30271
64994
90030
30349
96270
57435
57435
42139
8392
35303
59619
7367
96247
2359
60791
5961
39358
84831
76598
90721
83360
79036
11365
63005
24700
66725
92225
77220
30782
58227
18306
90859
54019
17384
877
74638
54527
48178
12904
85183
68164
68164
70210
52558
51133
29198
48275
22763
22763
24112
82228
70832
28554
81468
22559
35618
64567
44000
51033
24989
21312
36272
68642
51966
19154
98867
52182
87115
49162
49162
94220
22888
20329
45164
20839
79323
77803
14133
66402
6819
70160
64536
39747
39747
56809
26536
26536
6839
71233
92536
89732
69616
1856
42899
33113
14789
927
7589
53360
23684
1194
95760
37911
68576
67802
16382
28263
74038
92094
5287
75775
10534
97352
47679
47679
42825
52783
42939
31256
34733
16902
16902
73892
7982
68531
80257
47061
5217
46175
53020
38682
85160
32392
15048
52422
5060
22736
52645
52645
47890
25964
44388
42228
83444
6797
26797
21005
86573
86573
14815
60941
62223
62223
85065
46532
43652
10283
99207
336
7522
45546
85060
94079
99099
58492
59825
32074
15872
24591
53288
31189
38871
66332
66155
32475
84731
48993
36744
8137
3132
73909
11654
22937
98200
86640
51944
42487
31063
31821
61489
4163
4163
71384
55327
22390
32851
81735
3974
78343
27725
65034
43029
96693
61710
13155
11010
32218
45217
23867
88217
83111
83424
46892
44003
44003
93473
87484
62241
83953
68409
52769
16796
7989
55498
26428
30496
18289
53881
94129
26592
43576
69121
35338
89069
43660
56351
1842
24043
39378
23579
94324
17220
42505
9953
11154
56286
71183
82374
66610
24196
47534
94208
93390
23753
75551
42955
32826
53734
60886
2804
31148
48077
48077
34520
85823
16491
10354
96328
3183
66650
66459
93028
79857
23779
26585
85369
49816
65069
477
97824
61740
88283
60597
37240
19577
11560
11560
87021
18149
46240
60090
44943
50393
67998
84746
2217
11814
7866
7866
50035
68580
68580
3597
45296
17363
11286
99204
14506
85778
60119
20506
61870
26889
82718
32816
31259
53538
11970
95753
86709
32595
32595
66856
66856
48641
35997
81149
27630
23406
58937
73849
55065
80387
78403
59913
21139
67416
10571
84076
1563
17292
16677
51209
68218
15464
21957
21957
29821
38715
86236
43081
55080
16865
92383
71174
61331
89171
32631
45411
37244
63723
51895
31095
90589
28435
12640
22749
62463
37866
16007
59196
69204
2631
76223
76748
96095
7907
110
67936
49726
26677
64398
27549
24838
18472
38462
40801
61902
76559
13601
16733
63100
16925
40975
43083
60684
40251
25213
50992
80947
53852
2512
31677
31677
79715
3708
9658
12784
38951
58367
30368
39129
39129
99831
43301
55531
66678
47813
87944
5018
95270
54210
85296
74762
52134
4405
48496
83977
83977
8648
27602
72062
57673
63729
21568
10484
6129
49402
18785
66145
34708
34708
89430
35393
53738
98935
42667
40301
97140
6230
79783
76099
76623
43158
8612
47018
40622
27069
40053
33521
33521
2810
63618
56005
19161
7527
7527
31185
32784
47500
31414
25722
50230
93713
43891
95599
43099
21159
42795
42795
52045
87096
7985
92072
89217
40574
60963
88109
78831
97962
48510
75634
78310
86750
86750
33447
74871
22586
26688
8471
91460
91460
91460
900
71318
6478
62545
64954
78913
78913
22644
85912
12312
53233
71763
62574
93016
13287
85488
72660
40803
65837
32722
68657
70241
3752
70754
33513
39988
60714
43368
124
50274
49254
10640
3541
99787
29421
66386
38537
58967
44760
30646
31171
70239
36571
95493
34787
66379
7156
16521
9716
93431
90871
4220
90937
38836
23140
67260
15297
17515
69860
1460
58085
23457
23457
23457
91222
2085
27747
60770
60770
13791
43050
36822
36822
47423
10023
63643
67059
47029
47029
15852
50837
88783
64650
11687
77755
83020
95378
23917
33812
64824
76796
38066
78556
12209
89665
65414
14014
4081
73086
66600
95226
70424
31709
40099
22990
43895
74065
27331
54068
96676
49915
87946
13759
63367
59610
27646
71091
31039
24021
25892
93477
63596
8220
67186
84702
7373
25688
91658
36170
54416
86959
81255
19050
86154
28750
99725
80792
30509
37947
29487
49451
59421
970
42117
7773
99188
48276
62862
58124
95861
34232
9982
90061
34003
57984
69459
92313
58926
35666
80952
49355
69329
64922
64922
36890
36890
99620
85233
63586
1686
9821
396
33823
42012
7994
85490
44217
72122
72547
8141
19236
96382
41911
74406
68747
22624
88526
31260
14686
59237
43220
68408
59637
80093
72734
98428
92
8491
77485
35357
75736
2173
39259
92411
54392
33701
83368
34221
89534
5219
82692
91073
346
75131
96709
73310
69992
36741
17988
97270
57995
6162
79366
76684
82644
39437
80378
63276
43733
51793
60196
50125
16941
84851
39754
66708
35723
88341
21557
97606
55593
37422
2489
93363
97810
30182
29251
37739
92887
12467
2353
44290
48124
59841
91907
10970
29365
72152
71586
24556
7595
78952
72303
48878
63885
43085
74111
6908
6908
6908
81250
80281
95408
12747
67788
35677
69260
20710
95024
69064
61523
11381
26813
89648
71100
15061
47460
51774
94841
71754
45114
45114
19455
32453
42656
60172
98279
74729
31416
38673
80620
76821
15228
8994
57380
75569
29501
36814
90605
96207
62522
41219
9166
59371
90195
49784
68430
4358
59630
12431
47822
745
74724
31661
54941
59313
8244
72970
66809
57784
11774
90884
58668
21437
96612
5054
71026
16411
59987
28214
22281
7322
71224
14692
34977
97442
49284
95539
3892
77907
84568
71467
55113
25066
90335
40886
20740
20172
36018
20591
33440
28922
52168
66758
98765
76227
65509
1750
73255
43719
20369
79301
19822
76283
84447
77119
77119
55182
22244
59263
59263
90505
83078
68549
47718
5444
69753
83933
65683
2255
26818
59009
54587
26825
64278
13958
56808
50694
23653
20317
25472
223
6009
89526
54087
56621
83989
9055
32329
25893
45979
47240
26216
28145
14292
59650
4679
3468
69940
49133
78503
68528
55022
23105
95853
48259
68587
32768
46669
81433
24440
88073
18704
18704
86598
97512
7448
91000
91000
56572
99269
62684
63240
57753
52469
26607
38485
44906
79262
84536
74291
39049
48971
14964
17502
61943
21324
37881
39346
21110
29000
21625
84060
8001
18512
63013
18264
11734
11734
39699
4866
29514
45959
81670
45828
21987
82348
14744
93759
92665
15054
9519
84113
42459
85654
89210
746
41100
27930
78198
18281
303
12437
50701
60184
79860
86211
19451
71629
58162
2333
27032
84141
92342
92342
55528
98268
46592
84109
31873
95060
41173
96751
17130
94361
74637
79248
58646
30824
11482
63720
28243
93073
88804
69474
31904
31904
35989
26481
87957
11466
85740
50350
68470
147
72531
1016
55646
45848
56564
49445
97709
68308
83677
83677
66202
87218
91494
39684
45466
16875
62653
62596
26498
41791
67509
23175
52552
70017
40912
81510
88245
83705
83705
64661
24472
1958
96497
33941
91607
25407
34325
79906
58761
41810
4137
49112
61341
85747
49569
89158
58300
60367
55583
78424
37892
69532
64055
98142
7487
93488
12012
82216
66154
38802
79733
10214
43475
56986
97072
95586
2826
57482
57482
28877
26475
58615
58615
38985
9792
37065
66056
58151
79105
66798
66798
64644
51534
80830
12678
68726
2673
65937
33364
67784
59750
70823
12834
23868
16241
24304
19444
30625
43438
92857
34582
3045
70366
45203
85111
14496
47719
79604
29136
7875
43252
26090
9463
63165
9644
78115
40246
8036
60337
29869
29869
56849
43945
69977
72982
48774
51950
84495
43710
33125
94450
61967
65927
54572
92321
54030
41643
97403
63203
36443
16
24733
12335
49049
86343
62829
40615
13536
9952
43212
2192
9834
9371
87727
83992
55315
52973
84373
20299
50248
4863
91795
40006
14796
57814
84017
37255
59999
26288
9011
65856
7977
54830
55665
61204
34122
66630
57132
51321
40628
96733
17269
46683
66021
12989
34996
67361
55637
46884
24323
66530
45897
25369
30017
20171
25023
73527
25292
70893
7411
48362
94502
93520
71295
99178
39996
79019
91738
67458
50382
56289
57862
57862
36130
76288
46083
90673
86845
29090
54463
65618
65618
18858
18858
69061
59926
93978
56391
15553
78258
55285
99646
17042
89172
95322
87306
20034
98567
80767
92388
14566
66216
43675
18005
90775
44867
65501
35605
50601
90469
21458
85983
69051
89938
35546
39925
17118
63426
55776
51214
52725
39460
15737
30341
44552
29993
450
35759
29622
53414
7446
83163
4953
89506
81180
36058
55578
1782
67899
11292
63872
1724
45965
43986
43986
88615
71334
98014
98014
84180
61213
27886
48214
81093
60866
58214
58214
87169
9022
49799
14524
82929
61296
61335
22348
14245
52615
12339
21076
3867
67631
79910
60092
76863
14117
93356
66947
69419
11713
58461
57755
90386
29199
97205
95338
21284
98912
25126
71655
67159
19932
59848
42309
51897
58485
83752
53323
53323
20549
65113
59451
65263
49591
28932
76512
26304
13742
12667
92343
69779
56265
30275
51301
51301
22950
22950
99433
13128
13128
84276
92122
78256
76735
47716
83215
932
64340
90451
28786
28786
28786
37621
11478
33891
68948
39375
69595
97157
6614
6207
81217
46655
67751
19418
76856
11679
30130
54214
85085
98663
98663
10617
30471
7430
3756
41145
63091
65634
53707
57212
28953
47981
89365
31066
76942
8974
27962
86207
89092
50198
6062
94681
23334
74052
99548
99548
75894
1973
35728
94628
40337
40337
19764
79379
46322
30117
58057
89766
84199
64848
46470
49655
12849
2817
17788
84551
90042
24285
80867
86647
85084
42765
46822
18245
90572
39505
75622
68548
79675
73533
50110
18018
69558
93724
10319
69139
79370
75421
85728
50332
11267
73913
34952
55221
88235
13679
60694
90166
27457
29400
38497
53470
71846
68789
20718
33091
63489
84651
98146
93772
65949
17845
3140
96296
70591
78035
69094
25817
14523
43436
72965
77636
8862
39717
36957
33132
60124
71120
60014
56732
30018
29750
15260
81460
67700
26705
26705
3117
757
85890
37221
5373
19180
19180
15708
19900
59539
31760
1896
25962
91794
94488
87464
96322
8958
15158
45331
8936
80065
64297
46843
55373
64930
15787
573
64870
65177
62963
51561
68247
29437
92283
33467
94982
59491
11072
38399
12688
80006
90986
43123
19521
19521
40600
36927
98685
39821
33518
43053
66175
66175
88847
77738
31270
20663
43523
61905
56919
56919
36700
91110
63374
76557
56056
17512
96409
76128
47921
49210
57567
18229
53940
96058
31329
84441
84441
69467
59057
12307
22389
66237
96950
34352
42221
18585
9387
98620
63467
70822
71227
59372
9993
66732
80410
84554
82616
25018
97225
54346
18139
20142
95722
69519
82633
88489
63725
34942
94655
98790
52636
11138
20908
82117
42154
30134
99415
5516
5516
22847
21835
6583
6583
7114
38534
52960
34710
42149
61008
54799
56619
3784
4291
13780
51942
13387
74516
57518
14954
82941
73414
38771
25265
53438
31650
15303
94838
14276
32478
90510
84848
8394
7946
20701
78663
45541
31144
71460
65072
89181
14218
52787
41961
21537
83125
78586
50293
96275
24386
88268
56035
29062
63438
63438
14626
14626
14737
35889
97005
83241
44971
68190
35978
79897
79897
48680
1916
60100
80079
12606
14152
49121
35486
38856
76732
72506
75544
10932
46129
84655
69134
55451
55451
68206
39162
39162
66667
47801
76259
20732
98229
63031
79433
1608
11922
60647
7771
64634
51229
30707
11409
51190
92993
40643
60140
51723
62039
39588
52852
3096
81695
73932
24835
7297
1760
77996
4419
47445
2670
15634
61863
23744
76837
99284
75788
97468
82681
82681
99969
10750
11136
52003
21920
48195
9736
49939
1260
39741
17260
74862
71082
82503
85769
65547
93012
72190
72190
68985
1251
1251
71041
6336
66483
40270
2496
24142
29546
96939
16919
79654
40214
26851
84472
29779
45529
18973
59288
74567
79743
91990
27613
22612
72781
46550
891
1485
89370
29698
44144
45718
63557
67616
55628
77565
43981
17964
79732
79158
13057
16754
63398
88914
88914
91657
39515
50529
51874
85686
43711
62882
52570
33980
57835
57512
19365
56431
28763
86162
22953
26893
39644
85870
8660
77471
7638
81096
36057
3288
60857
53287
89668
51839
62332
74587
69872
98970
41293
77725
99159
34457
31209
50732
58309
73399
9917
95160
95160
54593
93845
64481
6092
92553
28164
28911
53064
18954
66203
54306
10549
72231
43610
21675
21675
94136
55985
30630
39526
88074
33278
297
49242
7929
33285
15799
94558
46567
69690
71401
79064
81392
26391
79077
67605
7782
12711
71270
28432
69217
80706
67311
28224
24097
24097
9242
34016
42104
68748
71156
61604
95924
12706
31422
62548
54132
96929
65020
76130
25566
18134
79372
45048
85621
74188
17290
60871
87257
87257
1965
22009
6667
54427
90632
31458
59203
64960
73803
90548
95685
11282
99609
46305
24246
8700
98102
74585
7135
83906
19678
84466
72854
74060
29122
51154
32946
93191
90598
56897
84812
84812
59688
52982
10791
69735
481
2525
21097
12855
24665
61558
60021
6399
24658
64033
68137
715
75808
99111
85935
93786
79317
77856
31335
58409
30694
15455
20088
79497
86384
70597
28782
21025
22854
69461
48309
89595
89595
57199
96169
64453
74443
21244
86460
43470
45325
72979
98691
28634
37004
37004
1571
88519
68637
68637
11889
69605
4268
94613
94613
74604
75460
66896
31748
38793
72595
58078
84698
35226
47766
13558
39554
80230
59940
76692
72683
77441
62912
64456
412
59333
56382
98043
92240
43379
43379
55495
51505
46147
78867
16831
75679
84386
11067
52611
7271
5315
66418
74608
40022
25281
33008
93250
93250
73512
95491
78748
93361
1532
64641
8023
71558
23678
55381
95837
96568
20344
20216
19429
1345
59892
50968
63648
28165
86544
27153
25903
30296
96745
25182
40382
38478
29286
24076
9933
80784
88398
18343
51473
13044
13455
22527
1315
21193
18746
64003
38368
77939
55375
6141
45923
32009
40713
41316
40066
72772
53399
90250
64103
34838
46090
6320
64933
64933
47014
72974
33630
98753
51227
26232
10243
34554
11648
24900
23853
90558
84419
68537
71197
45004
45004
45004
11053
32019
62790
64722
86805
31360
58224
23502
7069
7069
7317
71408
90341
85768
54228
3789
39094
36711
72666
52232
5357
35073
82594
39331
28873
86082
95689
22178
23393
65350
52219
72658
17101
57685
25164
18848
33787
91165
25710
31849
82131
18435
18435
54139
89921
55087
68675
70340
58399
74301
74301
74301
12862
609
87225
94702
1305
8681
58870
67452
17205
23083
41301
87653
64119
42326
38618
33688
94942
44049
83196
4073
7033
55254
55100
62847
88309
32610
75030
9599
84228
39008
69557
56794
74055
93527
8983
87390
14330
61050
26699
82690
50786
46595
10855
55033
62373
14518
18439
38064
79657
38980
53546
11234
24181
72737
57969
89205
53856
61106
2609
73148
61398
3018
45581
6706
49730
99982
59917
29882
77316
18401
75020
98855
52662
36402
36402
84414
84414
39537
1499
15191
33464
69247
29999
97966
63266
81821
71573
36537
64906
85299
35138
10305
64350
15123
28147
91117
33234
33234
54126
67741
66609
60646
20756
11165
11165
44242
59426
39791
91645
27978
20700
7479
18572
88539
70081
39904
26849
31500
85991
43574
45311
1440
60759
76235
50744
80814
89227
29061
73478
57236
80343
8628
72494
35596
11772
71216
97117
20634
56632
43304
77376
25075
24791
566
41750
41750
9613
47916
5326
25592
60588
8391
4258
13725
13725
70334
2003
48960
43222
71149
40688
92217
84226
60116
84637
98945
86173
60252
17144
61993
98089
62036
9630
57982
29940
81201
31912
31912
48123
45648
2064
54662
54662
41365
93605
97055
14352
82638
70328
70328
57121
36509
30467
57635
58335
93295
31026
16751
57638
41116
86349
11888
65612
95645
29760
51016
48343
37470
16098
25268
99290
77199
87907
89999
52236
35131
99806
99806
58165
94442
13199
99089
99089
35329
66901
80508
94298
4311
12243
94204
28194
67092
9803
55781
72037
64843
47215
61839
97312
38671
17210
76143
58601
30098
36311
65089
94567
49515
71411
30785
53646
36034
83442
8293
27973
86848
41110
11605
1029
46604
33487
87362
87362
82958
68550
58848
39559
96427
89644
37519
2660
18295
10112
65352
46025
74579
55973
43440
66834
97227
11696
99144
86113
94228
88671
65628
57222
57905
20749
48926
32721
95350
65725
65417
79163
45783
69566
48369
55751
35955
98780
67176
39132
12774
81237
45607
30099
22830
10636
45914
63193
89078
61961
41938
76793
43315
32038
59608
34267
13625
53896
39931
67758
95468
9814
53467
93336
91547
13746
56146
95559
32456
18983
83581
24511
71963
33476
35006
51095
83904
83904
21601
18657
73820
82040
66338
36246
14950
35786
97687
71746
47411
40073
89535
10663
83464
30762
71512
59697
13375
13375
19769
31918
89022
49640
14652
29839
45817
38700
53934
73566
38667
15959
85598
74045
90060
88496
18364
18364
51122
81949
81949
73807
53767
7817
63712
63301
36938
88600
51875
98982
39231
6748
37320
39763
76292
39000
72410
21891
13428
56648
10957
10957
22959
17270
88069
68310
68310
68451
874
47065
19774
42403
68831
56618
22072
25939
21820
90881
67891
65626
82199
21472
51136
5358
60962
48333
40820
68399
91356
35868
73737
54277
77101
73185
83582
43692
79503
2798
93803
36211
76160
76160
83359
65650
51713
68543
34285
87755
73165
29874
2360
8922
79184
43601
70654
55347
55347
52766
39971
31959
82527
48664
26066
16882
42974
69213
93198
83237
33785
17519
72085
72085
70963
22818
4437
89301
84424
77451
85402
74829
32342
42545
8939
55010
85342
89187
37335
80363
3872
30062
10844
63267
57653
68181
9102
68449
64449
78686
38162
39433
20312
20312
98911
72098
72098
96626
10254
20505
14957
10
38549
6082
40048
72368
42813
44095
92761
343
78905
66152
95717
56655
58374
42496
21280
98763
42975
65744
9165
3903
11063
26377
93852
80041
49505
9960
36979
51510
89374
37309
19841
4162
65847
64434
35410
49324
46593
87317
72055
28097
72724
61280
90574
48659
14764
53913
83937
3106
27381
43872
69899
86374
2681
43715
51555
72114
62308
75423
93330
81831
26014
82546
7839
98013
62365
33318
70071
21702
7453
12922
58821
60442
19089
31657
57543
29223
32729
53836
83543
54881
95356
81838
65332
86838
19701
12897
27961
6689
31385
32241
2131
29069
98758
13633
59663
50875
46875
12415
39599
94817
82931
88592
40702
40702
55457
14358
94917
50238
92708
69733
64909
30659
61802
2524
41354
21539
50424
86068
67773
47508
75248
66125
62770
2952
83561
14068
78405
44545
4628
4628
36351
45035
84261
71052
618
31723
90799
91046
8547
70313
89305
72627
59397
38194
9657
87468
68545
30299
57374
23194
13678
51041
15907
92242
62959
81561
38568
6843
78742
5198
34114
72632
83616
33641
92717
35317
9365
65529
94490
76226
28238
95118
32877
94214
65690
62693
70469
83972
60290
6996
99196
37663
89874
22221
81025
58082
73836
31635
61029
24902
71740
34338
63319
98544
54324
65810
65741
88807
2779
2779
96014
99642
84535
54697
86574
72550
44569
75526
31435
26946
98380
95324
69352
191
24375
66527
80050
41172
89143
10415
41934
36438
81928
58220
85319
16881
96729
6403
49207
58153
89944
91102
53354
33400
33400
64446
38129
16357
90168
99504
34928
55939
15334
18500
15992
10489
31720
15036
35770
15562
5045
14136
62087
29232
12463
16558
23424
33268
86878
84978
49185
53231
3950
7412
22084
3485
21759
91583
20912
75739
48422
64831
16107
88905
88905
83267
20758
25940
2776
40637
98589
44417
57760
89391
22027
88334
98018
35630
95815
16019
80124
24876
30093
99581
11815
64318
67542
63886
57636
49442
87580
87580
15034
18099
85086
84405
24151
95752
34427
56900
9048
65761
1635
13862
86523
90260
51921
69473
27498
36520
17343
97856
65347
25459
10891
7627
15990
25762
71007
52196
77201
78480
43834
83722
44109
7901
13505
46661
1490
85985
29803
49559
3658
84358
2298
89346
28720
5421
5994
80720
25100
94437
11565
74649
98828
83916
8061
47048
87355
63151
70076
2879
53721
33948
14107
67747
46701
13398
45268
23259
57317
62795
40570
19751
1131
87386
37278
43540
37182
75498
44815
51967
11105
96473
88119
28181
43682
23748
62470
20851
41165
31387
51426
14828
98162
1960
26990
11924
22462
19117
99314
54038
40936
36456
30010
32466
20914
53626
42128
42128
14926
94607
68787
84836
25723
83410
91274
46425
31307
37146
51364
46248
1988
1988
1109
26456
2460
55161
67709
27440
37596
9796
83709
66434
78578
17601
89625
89625
64934
45453
7026
99417
72353
54949
4002
63233
10160
15396
6130
64354
99931
35310
45224
85496
18707
97816
24869
25285
26704
46986
78156
13995
61028
31994
88347
98778
88481
90333
98500
63392
20867
60642
6222
6222
89461
12377
55505
65435
5178
38747
76
58676
72624
50163
53515
32987
59846
38030
70735
74600
7066
86298
93029
93029
36666
33051
10455
6105
40659
27843
37685
56017
64945
82196
1740
69071
1413
80970
70889
82939
92389
89914
36475
68764
58995
99941
20564
64311
99753
82479
1846
7635
98601
19702
75904
21746
21746
68381
22035
23005
60634
79133
60814
78702
45028
73826
93382
46049
92513
15662
41456
7645
82925
72899
19801
19801
94284
69287
86217
86217
93753
75994
80852
26881
55358
33444
29066
10630
41732
81227
17137
11817
89046
494
64384
65542
49990
41005
62747
65333
44929
60243
69487
53189
97803
64179
70548
94924
46406
14720
20459
20459
12261
83188
6644
22510
99647
99647
12597
79575
64351
28623
52974
52974
7966
83697
67559
6110
97062
80321
56002
82254
30583
80457
95508
46002
14056
15675
3661
14583
83088
20955
177
75351
15434
15434
68328
84491
42337
4598
68895
4456
72170
28722
1580
45247
45247
3077
45812
80962
48548
50507
54359
50134
537
95758
23014
2696
12930
27222
53421
23531
53441
65803
25947
97593
45314
48536
48536
23116
84039
61302
7759
58957
33485
41366
65997
81369
53831
67035
83084
88884
4585
64948
66692
88262
11210
24582
71442
71988
85895
69789
10922
10027
85234
34594
70253
58053
9748
45726
59694
31340
5070
32880
61488
64334
2122
94312
94312
58759
64084
12219
27750
40245
44248
85616
59378
25327
7636
28717
60322
92247
39801
10643
69681
60394
72610
49139
74658
45731
8472
66624
11538
90
36313
77385
63343
14907
28242
28242
28242
56717
28648
80374
94425
36729
76693
86749
94612
89309
15288
12778
26379
70506
40538
82535
10416
85447
76803
59398
41575
96713
9317
30862
8631
78765
61908
38405
83209
47095
40608
91759
72304
12571
57069
63437
94928
30808
10439
86502
15253
86716
38546
36229
62156
24475
36380
81046
39567
57945
486
51926
9576
35023
34107
71189
66300
46726
34023
44350
94853
46686
51157
3
75644
75644
66656
90397
67462
67462
95430
25684
40222
97695
45337
77804
49041
71020
38944
83533
14955
87182
10644
97953
34179
51740
33876
74110
19597
92667
27202
16953
15282
16033
75478
12369
12369
35917
34748
42225
97759
6842
51611
78171
44787
24192
75761
86102
94815
33502
17233
84945
26417
70611
25751
85858
54181
2447
65199
23622
73600
29689
99399
4346
11135
71743
35077
97003
93987
43593
6995
81584
88612
85120
73002
55736
84763
26906
30871
39342
92248
39050
95642
93723
19244
27157
63290
69924
46374
89558
7682
71071
75672
99981
47308
32604
77794
58860
32894
5899
88763
90432
57957
14578
90727
2611
52546
97748
39591
25425
65778
78468
70961
99322
63996
67350
47600
47600
97102
61417
86397
8395
99001
40864
69347
43104
84176
79009
7232
99180
78553
78553
78553
18160
30288
60560
91104
4955
19806
60436
51051
88018
66112
8091
3399
6579
51402
25112
76221
21024
78773
82525
52229
33216
55245
26083
26083
36382
78720
8179
63675
53390
48734
64315
62278
62278
61732
59409
17704
20207
89533
73652
39601
81484
61301
48222
29863
45740
25413
99292
58267
25976
11574
21750
10351
93233
58123
60001
24328
40231
59827
35841
86079
86079
1247
9732
17657
25032
35969
11524
56476
59019
45795
10394
10524
81731
33874
10823
34078
79627
48239
75237
75237
42682
32095
91122
33548
91368
94037
1907
53115
40524
87408
7327
50442
90053
23222
77532
70844
29754
90525
40730
92236
28562
16853
79286
88661
23565
6543
65358
62660
62660
36609
4875
45537
79665
46636
46636
46636
63948
63948
54636
43336
64611
10293
6649
74846
26894
58956
19181
81236
71061
48862
59888
59888
2542
26344
61104
92396
68984
8726
54566
71316
91667
92366
19756
21665
21665
74555
13903
28131
87185
24794
74063
81655
13034
78528
90722
41654
68990
67471
69630
32285
84605
64019
64019
6265
6265
47974
96732
9148
94183
73392
36631
5558
5558
26436
56862
87136
2544
73241
66427
93179
38098
33324
23736
55981
55981
47398
47398
11392
77669
25047
37849
16645
5420
95871
60674
47279
3823
6587
66886
83898
91989
75194
85418
26527
91005
37617
72120
73331
87006
94272
65433
19763
72818
84104
84104
61476
75999
94769
79619
59943
96251
1462
95619
54311
63372
9811
9811
34266
70043
79866
54428
43036
65751
86863
5815
42962
19387
47203
58219
66213
60314
60314
32323
87336
30022
63502
74417
66316
4127
99494
40735
5588
91867
74748
512
48014
38811
9304
82763
38986
80955
70117
68599
92850
59921
59921
17357
86884
28797
88210
55890
75176
94699
41811
50403
55546
26534
90384
92727
34728
47774
63066
8807
770
33810
25131
75140
16730
4120
50340
50340
8966
94067
60637
71325
55742
63456
3840
1832
58008
40085
12117
60254
43030
43030
38172
1884
83518
63622
99121
94887
1887
98934
31724
31724
16343
67277
50537
45225
75762
66273
1392
31147
62802
53599
59137
44019
18352
79446
11990
82189
92382
14591
77346
92338
92338
92338
2117
57116
57350
82215
81927
35932
95121
17313
8183
57253
17721
42728
96191
72880
19125
60389
62190
47869
5133
70209
97684
92593
95547
57243
85818
18543
82070
65901
27380
73611
71231
98106
98106
26569
38004
93572
91284
66261
89712
97436
64116
40184
16616
2467
21530
95564
57264
88434
52861
95635
96092
96092
9333
3710
56092
1050
50569
51354
12942
81709
18087
6787
31155
32698
38548
31696
553
553
17194
56562
6586
42084
77325
25611
90255
26583
25612
84347
30006
31987
3628
86610
16224
50854
94151
32766
32766
14589
74388
13978
42876
87607
45123
45123
67728
70218
18860
81143
72495
63795
63795
14689
49235
68077
15601
66400
77884
10402
17904
48110
62092
66899
87747
58600
45938
31750
84258
22540
86466
65889
63876
87087
34866
87339
87339
87339
72194
32462
94754
86559
98845
58093
83670
53570
79744
92047
47459
47410
19917
74537
1447
43752
87979
87979
66675
53003
8457
7864
10848
28659
48854
98165
46132
6428
20406
6937
18728
9675
74085
19693
19693
99164
99164
33054
18354
79298
15927
12421
28693
7601
69683
28790
6101
23723
70052
2067
41944
1759
57399
29785
75549
10629
60134
84203
75188
73776
60117
59273
78755
53291
44167
57417
5108
71673
47165
26738
9512
84577
34261
20612
23253
29846
93358
50518
50518
95144
39487
13470
83157
96363
83012
16356
22647
64593
14226
24492
49317
287
92270
68368
21051
51341
86283
54796
80371
80806
69857
88236
47751
33121
43776
71830
43286
47945
53374
54791
62594
44440
30598
8873
98314
48644
17703
97644
83611
20266
38828
38828
99418
27608
70363
90817
17675
24426
87380
87380
63639
81635
24964
25365
11867
37173
35935
43327
38910
63312
39770
28941
54341
78120
16281
81479
64402
65442
49486
39903
72128
72128
99195
8212
73482
87489
26648
26986
22884
3471
30219
68306
65202
25596
976
19897
47038
39496
91526
53066
66342
5589
25389
95070
53691
59529
69851
53088
56194
11823
12770
12770
13853
69412
75578
10890
5428
69613
66818
60334
40342
34039
19091
88627
8256
8256
16607
66108
89568
71483
49933
95278
1745
23762
68598
59251
42259
88786
4619
1688
35736
74833
2267
7092
39883
14811
36184
84984
18477
90394
19395
19395
80466
22963
22963
40121
51383
75931
75239
39857
21819
57776
48621
3506
53712
64264
81248
74676
47026
78582
71180
20145
24947
52019
50775
34898
12159
18217
74092
74092
17581
82619
31212
84939
27348
99340
19862
72276
45436
50626
50326
94736
59056
14782
88674
41876
41876
84207
81829
69125
48630
75565
56709
7973
38091
9425
96254
74889
32010
47675
7871
97660
83745
15742
43068
86189
26313
5734
70602
44245
42463
8805
51021
54880
92841
70391
25854
25854
66151
1526
19820
59600
80459
64598
76759
60071
80566
18300
24503
66786
66786
92369
71500
70988
67268
93795
34487
14900
68505
48520
3201
77850
30421
21482
21482
78948
6335
95485
95485
64337
57644
57644
33307
94406
15838
89253
32845
16214
98358
26821
12
9915
39167
99047
89289
88800
96720
37123
4260
32119
84073
31010
78237
48327
20021
91836
1833
13045
13045
11085
58518
8451
8451
70707
30000
93035
93035
57703
69796
65146
91028
91028
67930
60549
22554
79680
31411
53800
90665
53478
47325
22207
66915
12647
50737
5510
23688
34651
55538
8826
47211
78602
8458
30745
23468
20788
68287
68287
22998
22380
71031
83503
65188
54624
35381
11294
34986
86653
16423
16423
88813
26929
9645
73676
45623
24290
86458
48596
52279
41589
34875
41234
85394
31898
65396
28965
57870
91302
36040
55157
5910
57029
72323
25988
40152
15190
28991
71152
80048
67475
12145
22442
6006
78909
57943
13782
64576
64576
68737
39272
50943
90320
1705
19014
4611
56768
827
11615
46197
42947
50853
49017
56547
54062
54062
67844
41688
63407
1025
52081
1216
12918
55191
47944
92632
1573
36561
21499
88063
29734
29734
29734
85884
23290
9325
76530
99607
23433
25279
30019
66463
47998
72716
32309
52848
68782
40652
68386
22458
84330
84330
23161
2840
26965
54585
36256
32261
23909
71671
68412
37700
77915
47722
88112
23714
38122
65315
91741
11146
6603
66734
48410
32742
3933
89643
83865
83865
83865
20596
42568
80183
19720
28161
15527
26558
79926
61772
52022
6651
87772
62564
45088
78643
95442
20148
49329
71338
79900
88949
73605
75840
95321
52933
22615
15179
20260
38707
14912
43269
74466
8517
45940
27256
65955
31028
31028
21391
99963
32084
96689
39764
2722
19412
95244
2161
91022
5201
76788
46476
69252
87261
87261
87261
87949
66865
88388
37433
42739
42739
13677
5846
39289
28735
56113
21737
25314
19082
93408
13253
29460
50919
37853
67005
78886
47503
47060
26598
10654
29025
43766
41039
41039
43619
52013
67419
57928
83335
71872
59315
52104
71993
10046
26938
26938
26434
26434
33998
60244
11903
60152
13097
20904
66731
1864
72596
95101
66080
19716
60707
47283
59574
48260
83379
82304
71053
51130
51599
23215
32138
29189
14505
42483
64408
78787
29144
83180
13926
30675
5022
30811
29034
68457
37951
76730
84810
33380
44177
22471
65865
57709
7988
92169
81218
61554
11137
40225
40225
28532
84136
1600
97481
80923
4372
67630
61876
16827
8056
2645
76939
94444
96090
21777
97668
29283
26972
93933
42002
29870
6688
92899
75667
45621
56473
42275
42047
78946
19029
34357
53725
16117
16117
90619
28314
41125
53445
40830
10962
67846
36381
56421
95237
2018
24146
17414
67222
67222
45137
78229
3829
18793
9170
9170
15091
18462
27093
56099
74342
74342
1834
34024
60080
5820
83552
94455
95326
47650
68248
18944
84839
40305
74606
53052
6075
63697
75064
24826
63142
84798
55952
47253
90702
25955
90790
15265
18888
24388
49101
46328
2095
58985
43912
7161
52474
66103
35125
28132
33994
42390
73708
81153
25702
54120
14933
90553
72578
56517
81617
36707
61630
51814
85321
25366
15047
96217
79924
65813
31075
30991
93392
90810
72173
97416
63911
28091
53263
74187
68345
40376
81828
34578
41928
71372
27947
63939
17730
44578
55364
19116
3350
55639
50628
56574
16003
91870
45383
5259
77962
57669
59916
96440
51449
24638
55038
77607
73103
11140
43836
91031
56344
38616
27162
51409
10139
5992
54419
86250
1808
18782
18782
54591
81383
67710
46477
1909
27275
89479
14683
48474
83894
23321
63528
26146
69537
94489
46750
49719
9002
79788
85489
68739
57020
12619
52671
19083
55081
96325
36529
78880
89685
14803
35337
79837
34810
81787
88943
65486
14757
26577
77380
96093
54991
60209
76668
51954
12796
31634
30903
69054
93894
79832
3673
24659
81653
1285
1285
16832
59935
71080
71080
19833
39312
82960
62849
61047
60359
73515
84162
75463
83272
64029
67291
44624
79802
13364
28744
12163
96516
38289
69534
22913
42530
35937
87802
78908
54812
14441
16247
25912
42596
64091
25068
52015
87702
87702
88971
24419
80442
62143
17327
33973
4141
24564
39056
39995
17840
94074
44033
36521
46345
37850
98120
88758
45450
64415
22666
89359
20230
29741
51110
70046
55733
55733
22683
65000
20320
69123
39918
67560
18751
98916
47783
4626
52596
52596
99183
99751
99751
48673
4690
66351
14875
90434
88413
92183
47420
84281
46784
21373
11246
17884
9438
94226
27407
6121
87915
48361
71887
80404
91365
14217
38165
639
40667
35281
35281
93502
86475
45533
45533
94499
93119
80303
67271
89843
76508
58263
78004
15717
57079
80951
95671
13749
50756
63933
41521
80935
44284
54822
65312
76633
23888
2610
50233
65992
25570
57234
67548
67548
3956
47058
60000
54034
30204
49558
44651
77277
99898
72925
84866
80612
39922
56936
45551
96672
93298
9773
4736
28568
65913
72876
25816
98266
45096
99717
47823
44641
19121
19121
16187
57887
19258
51450
92333
93403
10278
73695
61952
86518
85172
85172
70849
25916
12177
23165
27337
14191
91362
51040
45113
16681
78461
5562
74948
4214
92677
44432
75134
38220
30109
30109
50862
87508
65314
96203
97386
28290
38990
70896
95168
98831
10016
11406
34371
88448
29683
42192
28350
89357
55748
99240
8281
17177
80417
42706
1701
93338
28886
59918
80045
22625
52091
35795
73761
60415
60407
34650
27368
34136
94155
94155
5454
10409
9342
2961
19241
84750
4836
94240
94240
32291
67797
75617
43082
33323
73242
23236
83171
83171
83171
3030
4624
78338
78338
78338
22695
84332
55488
46814
93050
89435
70087
358
358
66329
18055
27519
24491
24491
370
88208
3042
3042
74001
13580
32798
68224
15197
30262
89662
97116
1880
32355
90917
34495
71734
71734
55726
55256
78906
88675
93827
36266
52778
19341
57802
80058
13775
59589
18053
61277
29382
95232
17024
44187
36954
20407
45882
37480
46640
70786
90271
42394
47451
93733
32085
36909
46023
69873
14001
73974
91396
74945
48665
10862
50176
16671
16671
83921
88213
91147
88475
14074
14074
72557
88570
13324
15481
74440
26921
65432
37409
69269
58647
90284
24242
58629
28397
26819
84787
94799
48894
87535
56883
46525
30768
73902
41565
41565
21187
25504
61220
45101
51270
28875
28979
19022
82828
17181
3067
45003
96857
64215
48429
60686
90948
77419
80824
38623
32446
50805
43370
22350
1394
97678
35377
47034
84273
59210
32993
77667
81534
70879
36080
27004
49727
60270
65597
85802
6420
55713
88293
81711
55747
62555
63183
93056
30910
31310
13904
40829
54332
14450
58361
96592
47709
72218
67528
65507
61578
36985
86269
86269
11799
30008
37388
49828
39881
456
38242
3734
55399
97154
2376
26106
39233
85659
18247
63292
23683
4239
37600
52504
52504
34263
28138
69169
54060
99118
9893
29448
70831
71285
68143
43589
36016
13346
87298
611
66437
47361
99476
90760
46321
11891
87575
71587
74229
1918
1918
64961
49865
73844
30410
75223
60779
54785
7805
91685
25667
50593
38761
9278
72608
56969
1074
31229
59706
50
90176
1051
78664
42207
95228
32664
48431
31198
42274
15370
15370
46081
452
34397
56418
45207
76126
56323
35542
12189
43181
90672
64023
29399
57153
1333
55574
76733
64021
90185
92635
1047
54168
75718
57720
49700
9768
64078
92031
36661
92875
52730
23866
82230
13153
32082
12999
20660
50329
85293
85293
4572
70621
17279
52358
52358
52358
60851
14923
14923
88212
67644
53048
84575
88646
95908
51959
70357
39412
30610
80334
1171
25157
22039
29353
66471
96884
47643
58348
3036
79563
84863
8800
99799
88221
10114
15447
43353
33909
83468
81856
62923
42814
73017
98531
99909
76592
30003
57549
81899
34680
30326
4960
99698
39113
13690
51515
71076
38237
71654
71314
33077
96832
58752
82041
5248
97037
17021
71721
39607
99538
12452
72562
53431
81826
77183
54862
40909
96107
39250
81797
87986
78977
24559
19427
93946
7842
7842
89066
11502
11962
41572
15612
35200
65369
7387
77379
28425
34381
87938
93107
63773
13882
95211
50292
56651
80560
13692
16190
44684
80750
75916
81600
38218
97313
44283
35085
69502
22649
8221
22064
12046
59140
59140
85864
28551
35913
49880
951
81395
73751
69776
63905
71021
32231
32231
10561
64056
62265
25728
92628
64865
52181
53367
67182
86561
75459
49699
48690
46041
79692
79692
13031
13331
13331
28578
36301
25221
25221
31154
35477
23209
79508
9299
12738
69965
83774
86837
47394
53843
44905
61978
87085
28908
33591
24170
41824
10508
13886
88906
59453
19706
89464
32187
63834
70622
97493
39979
58612
86408
84327
42590
49458
4899
81540
33047
9936
11890
69829
24347
14376
36032
45187
99392
30655
67335
27669
97084
66433
66129
82305
535
18478
52758
89259
881
35885
90517
63523
90189
7012
2987
89517
11847
956
38647
57415
94851
61698
75361
25649
81422
59557
18684
6815
22179
28889
47662
47662
74177
27228
41549
473
69696
83234
16585
98164
92475
6947
56177
66952
78781
28581
28581
84428
89350
75071
50547
30699
1236
59211
96650
48153
59714
84011
33428
2049
93524
80772
54183
33461
96205
63161
43933
86765
25732
36905
4954
10827
63346
63346
6721
17958
53588
18854
4621
23049
37050
44544
56730
53762
21784
25098
95411
77128
61467
80289
48832
40751
76191
48104
65713
39951
41599
41599
74539
62500
2423
18276
18276
33055
2318
53234
28274
89390
37742
39381
92597
62490
45098
27715
92575
60277
86317
46923
44521
45503
59206
66900
71624
11511
18183
1273
20022
18891
65546
97279
5493
10219
5166
42770
42770
47772
98656
99267
66945
75358
49882
85071
45152
33477
40306
49817
49817
35918
65308
76101
36861
63275
81542
81820
89153
68622
30738
76797
87325
87614
87614
73106
73106
29792
24903
909
23274
97482
17881
37512
78166
36131
11587
89943
18175
44968
55028
92405
27403
27403
27403
65054
63125
47908
4103
49827
87038
92392
60541
59967
54239
26032
41352
12137
6887
76447
99411
59532
34460
33468
51908
98686
35856
18654
94669
84830
84418
37572
57058
57058
89436
9442
45189
37489
99658
64000
57912
64713
83846
84393
25673
3834
22108
47804
76336
76336
70471
54462
74879
1810
64877
59353
97563
54916
34684
74271
78282
1095
63705
74733
86315
32330
56832
91502
12602
32300
84715
98223
7312
81729
66832
8624
33606
96441
96441
48658
75159
63391
77025
28949
97339
54897
98504
945
99478
6704
13907
20530
26
59542
56958
22054
31627
17403
77108
77108
77278
24449
77197
88193
62657
90039
31136
92879
50093
51126
38965
18960
68185
66398
65619
94740
14570
61366
69721
35619
27475
74202
95263
15702
36633
87334
64224
29315
5549
13846
29555
90716
91185
93096
29396
93416
30449
13459
71116
59142
48706
14938
9154
84008
7937
55054
45741
76997
73367
8202
9435
17531
53481
59712
41355
94796
40230
25929
36286
67302
30415
99664
76543
59402
34676
32397
82645
12169
1839
9447
91733
76562
76562
96147
1984
74313
85000
20602
65646
69479
77049
77049
69410
79076
69655
57579
2395
22448
84706
10143
10143
98222
90134
9776
10585
97739
35573
53300
82548
40599
184
30169
72127
9093
90208
15224
66372
74938
57585
85413
46920
22217
60667
61834
52575
30913
85580
69979
66605
79128
15116
88443
37585
98116
3213
90334
35597
30779
8107
67009
19837
44944
63221
13029
10570
62247
41057
23707
38283
89573
89573
75473
66469
4284
4284
77231
2144
12621
52880
93956
56486
54920
54920
17648
89174
89174
58913
81984
57983
34130
12751
40008
2025
15426
77211
39832
22352
44919
58914
60101
60101
2147
73343
25087
86415
46528
92769
27298
57339
98573
8374
84765
20085
16662
66098
17767
99355
32196
52220
9633
65463
46795
43673
31546
96966
4944
52520
52520
76112
76112
85322
43308
19828
61071
99059
99059
42148
10919
57811
1980
42328
94774
79792
71853
71708
20423
94849
22968
22968
35062
8350
83281
30870
93984
89285
25186
79448
79448
17259
75751
83486
97507
55130
48920
97224
56325
18753
36428
67760
81030
25760
77854
15707
25726
11158
82861
83950
29407
48102
44658
11509
54824
37348
37348
15459
30544
20492
64032
64032
90431
49256
49256
42126
30268
13158
56669
53067
53067
47834
56209
75732
73145
73145
91506
41292
94802
81314
37814
37814
54676
63072
10092
27430
41924
10066
12170
69832
67657
50741
6941
12215
58490
7157
38202
41382
80872
85874
98192
98192
37048
79834
98144
54575
54575
62607
82603
44606
11953
49523
96803
99603
89306
22056
39845
57973
47824
80577
44100
25670
13977
69308
81818
87818
34624
91265
11057
99002
36747
99912
11901
20729
44628
16005
62887
62887
10694
50139
92905
79865
62121
18454
57664
8184
47147
47147
53781
76150
76150
61219
3202
54417
18196
81371
90006
12794
27552
12165
70020
70020
87806
12823
10115
10115
77073
8207
70065
38594
98147
64542
23944
59802
80880
80880
54919
54919
24106
75389
35101
58722
36188
41041
63903
43843
52442
89824
23214
48196
3277
69917
80231
59036
63690
85228
9677
26460
81270
69609
42788
78604
25028
25028
65272
94202
70755
462
67317
40044
90207
92027
80592
55947
2714
15338
26301
684
27175
57526
6578
7900
68404
59275
78178
27965
41640
65882
9112
10010
73206
74414
47807
53203
68090
68438
50773
32388
6769
6439
41962
23722
6206
73363
41459
84909
80920
81000
34182
66705
82932
21815
1539
73466
74813
68372
92431
86761
27191
82118
88595
29333
3891
98316
35726
57923
48819
24315
59325
2175
33096
52405
1087
68138
24577
32957
61524
86099
7261
83355
56466
2242
2242
53948
53948
88770
23951
24202
41407
11432
84503
28261
3263
85532
60891
78795
595
79930
15418
27152
46988
67765
92694
56729
49118
2601
54924
8078
55502
2971
85032
48875
2677
79829
79829
78659
63409
17949
38550
69903
81100
68288
57326
2744
98729
99403
51233
99594
9169
60378
80709
94485
24886
23911
88571
16046
99173
19814
52687
66328
69401
44555
89948
30105
67396
41014
83228
56954
56366
85710
27125
27125
75588
99893
63890
16355
41264
26337
10413
55598
9837
24345
67769
22011
83830
13286
44851
14577
36638
76524
95530
83328
93758
23410
81916
65330
82617
93139
31603
58626
85426
36137
16851
73178
42690
13483
91651
42512
95652
16245
22475
61573
81627
77440
26887
91874
58580
64475
32953
74673
74673
74673
26318
2388
55853
70409
519
87312
18667
90055
25065
54323
54323
59666
54734
18187
85717
95726
77244
18239
31088
44009
4783
17561
17561
17646
33738
22418
22418
72601
92892
43559
88529
60205
76048
12362
89232
49647
49647
15110
58989
46314
87770
28342
19020
35380
86967
16078
50226
3610
5280
45031
49762
48524
76093
22662
62398
68299
59595
8701
23504
2416
72850
33564
11489
49649
55286
50666
48368
61394
98157
5906
36751
78194
89219
89219
6809
1106
82965
32956
40491
84005
73480
73480
6624
79878
62925
41829
79995
18309
17252
57976
32545
37398
24210
80869
62750
95680
64748
66343
62723
83547
70098
47676
14779
77314
5200
83103
48211
15636
3054
43337
88648
37687
71252
17495
75402
71505
77022
36373
71718
80011
4888
8426
94407
75055
46019
53443
44645
96892
58372
7356
69295
70000
52946
99123
19518
67699
9906
65233
61693
31976
78007
20255
85121
53387
93409
59558
44386
9443
47343
86160
16280
22669
22669
25917
28429
62605
73846
6450
89109
53063
54041
79189
92533
66911
99851
92259
72089
59281
48946
33923
53903
67389
37899
12551
41847
8690
8690
88261
88425
97024
96928
43732
93564
9886
66565
92813
59896
1076
51397
39646
5210
19717
5981
6768
2890
96852
28346
80941
26443
17393
66191
18408
18408
42731
36588
78627
27135
36011
24132
34660
28937
48906
99448
18531
39264
3904
70948
16653
45804
42261
14555
53819
80501
80501
66162
11254
72539
38657
38657
19939
24764
18065
18065
92138
21264
44294
7428
15210
18934
7047
53315
45159
26448
35623
26795
13334
62586
21761
19612
45364
48021
60920
98921
29904
95617
81072
60465
45820
8593
24761
24761
93130
55417
4540
11260
56073
68416
57690
40953
74982
75602
15570
15570
1134
25376
25376
21832
2784
233
73223
99407
30908
81138
16530
64050
9749
76144
46428
47695
49170
12650
7876
89275
19549
57195
10638
10638
55877
95323
66005
66005
7129
26525
2587
94216
18167
19229
21647
96755
69712
16021
48773
55605
73368
26727
92929
56240
94789
63247
12422
48028
77504
12844
20902
29816
53254
5192
70084
84983
1278
22068
78698
26183
93344
43885
67387
17555
99386
27674
50913
87515
98284
61804
86159
74199
34117
14398
85914
42522
56982
76676
24189
24122
77577
90322
80313
97573
11038
11038
2704
18003
57193
32026
53068
30190
30391
99257
50778
82885
11783
28226
89661
17459
43339
78657
73560
69395
40197
76142
76142
80641
91334
60592
75021
21502
99959
45961
39587
54906
62333
62333
91601
41191
81195
11865
64422
73495
28026
36346
30572
29745
30909
87834
49144
21451
36389
94000
98019
39374
60946
40260
57395
21681
71823
17732
53184
40123
55436
14750
88487
54039
70456
32023
57519
61515
76490
18322
45717
58176
82636
71918
54514
28055
31245
46293
91527
54558
37119
85718
22143
12223
86034
73639
83038
12414
39431
70407
77288
60339
36582
38792
63758
83832
65625
94245
71162
56163
66269
24982
86777
1057
76613
23636
80366
17072
55082
57187
69103
27193
27193
27193
88503
39509
65210
74810
25739
11046
60959
93854
30683
63333
84407
84407
19402
97346
14758
69998
2369
87453
80591
63441
65983
66054
12713
86874
98582
58788
94291
79181
82951
34040
9807
65237
19895
40300
37783
5732
37799
35559
30048
94358
39359
26984
11227
35466
29491
88005
60550
49440
85719
17179
56196
80613
48557
67552
32917
66950
61137
5621
92880
92880
8528
7224
32836
54390
20566
57491
91220
33636
33636
94275
86018
75398
87221
30561
55889
26742
10043
99968
92453
67947
93038
58841
43302
5949
9882
6202
51484
25417
63046
94601
13962
29573
15892
15411
66666
85211
59932
93375
56921
41989
6821
53544
65380
65380
83168
46258
84138
878
92816
43228
20511
56218
42556
88439
555
88187
95618
12627
79898
69805
83476
35693
30606
60992
58908
65047
80203
93091
33147
20682
51605
29755
51849
84490
19997
19997
68114
71075
88161
23399
91573
42859
42859
47444
17369
23365
4344
82560
77375
48907
1434
52987
30082
35228
57089
58801
45669
14944
97502
97502
26547
54817
84319
29876
66673
17894
92157
92157
74046
240
15522
5595
51317
1564
86722
86722
73578
24877
60248
18152
79560
91930
46817
13834
61275
4582
597
23205
52482
5692
90980
68222
98798
27997
97124
80864
77306
84951
25952
73883
32139
18130
75175
13065
96171
53095
53410
37674
99064
98559
33301
33301
56994
29038
98194
24834
44884
84361
41996
61487
26884
25135
53347
68679
24296
65357
47889
80365
28391
60958
82076
29379
94140
81643
2910
65409
8116
22639
88879
21788
3343
90819
4935
27165
58299
82430
82430
27171
12589
83619
96258
35146
39820
63764
30324
17062
70843
70843
41269
73748
31456
66184
41018
7916
7916
42442
86331
56708
31884
30287
95767
89624
86794
4833
61622
35184
88767
50408
15533
83071
33050
15115
58864
81624
42799
60237
71684
46624
20427
70412
55568
88080
82279
17385
27544
13935
75420
84793
41281
87446
95608
47759
54230
19983
79686
27560
54768
99611
75096
15692
76672
81319
73323
98237
51511
96141
87895
3859
56132
60638
41595
76281
45075
70191
5614
27970
50445
50445
21692
58773
55259
79642
9549
29660
57207
53055
42366
26028
53760
17420
6050
37803
89234
79293
67731
51529
8433
75706
4821
66637
22353
57180
75752
34311
55341
89567
30922
50612
96448
27492
74253
97735
84768
25428
66190
87849
54
51500
51500
18652
30754
62153
29762
11283
82669
6394
62115
3553
50909
87052
10461
34118
17277
4169
48959
51203
59078
5696
49906
7298
72837
98848
11646
47036
34563
69414
72572
46922
40318
865
69407
69407
72973
85502
98750
77615
91091
91091
7848
43757
33138
59101
3264
11802
76522
52459
71686
25814
98351
68736
61796
25979
46364
51879
80653
15393
32045
82850
8377
80676
51761
94244
7614
545
9413
67307
45309
70278
84213
1014
48131
25745
97958
17180
54657
76216
63492
61945
33422
71261
39519
83106
29434
99557
64411
18258
69448
40669
25230
99849
70967
66468
43095
7806
74410
73950
68516
18621
42644
59051
65036
59155
13936
24277
42944
40423
59939
6135
69045
49793
54516
37237
38881
24552
7740
50916
50916
86670
96765
82435
32313
22372
88871
9239
62786
16160
15554
1202
49318
49154
30308
45519
2592
53549
84643
93750
10900
77088
10591
19935
4158
4158
4807
60531
14202
63769
68131
54161
57875
50376
85645
82036
72117
20647
39041
2773
92893
34225
36524
31738
18729
29894
72911
39026
7728
38644
76208
48031
48031
9386
42204
40766
13437
6375
6401
42950
59400
82084
32844
58392
49272
84219
11914
4677
81042
89335
31235
61323
34899
34899
30700
91270
58737
65457
55015
22098
24586
85480
45956
45956
9988
41623
6211
51173
37615
47624
50592
6903
53677
53677
47598
18163
64417
95659
69069
9191
88923
50165
35433
11141
20716
20716
43646
12911
87324
50273
12785
48542
70573
93386
39705
39760
1294
24474
44568
42158
44479
86285
94409
65326
27651
24748
61278
40845
11546
33126
58108
61373
44212
85620
93482
42736
69691
25632
40056
67808
88703
73625
43246
9529
1030
23771
22866
55277
55277
37387
31472
80309
97833
16358
6296
60275
79779
32186
93508
19385
96235
86962
47565
28573
12284
74794
59173
16683
34599
10656
99481
97974
85608
11712
80925
47352
21541
15212
98344
92660
97906
11497
33204
45705
78414
85333
1175
39379
36464
85437
47331
34658
78159
42382
57937
16574
17143
26455
32221
50812
33819
96673
25857
48092
35621
28040
28040
14182
68480
39869
35744
99443
39160
85315
69574
71422
54169
63573
16329
27144
13136
49297
16635
23481
15685
98247
45032
52390
5627
42506
95691
1912
40061
91640
23880
83814
54979
22336
62374
18787
69255
89291
54356
23928
42085
52282
43037
39394
36348
98334
71114
76973
76973
44768
44768
22295
84834
24045
4786
48299
55883
90409
33644
26077
94775
11352
54325
67866
54136
72694
72694
33634
67521
98917
38495
47855
64482
92923
81175
68969
15084
62826
21813
21813
22
97968
43946
20486
49165
77188
28968
37574
16850
5937
19011
93603
93603
46825
42553
93568
26003
64883
15144
63513
16178
95229
24007
30794
5706
26910
5784
83362
24490
16263
35106
27281
82050
48715
66895
41230
54959
54620
67838
4941
53941
67903
75320
33188
99880
68900
8638
75505
46398
57188
28848
39479
72245
94712
94712
38870
767
66027
76014
48284
35533
44114
57428
32496
22151
85026
164
48383
31901
96500
60357
81331
98459
72094
51863
14887
29023
6907
5535
78733
22878
11898
95240
50708
40446
14205
40869
38575
24792
63453
47821
66201
66201
26051
48108
43250
395
395
86067
94874
19343
74747
23747
15307
92271
94303
49840
45404
83054
19790
21212
64082
34476
81124
48619
92917
92917
38322
34762
76840
8629
5176
78271
93379
27145
99561
90426
41547
20139
53429
45677
21971
80894
77038
66168
14502
98625
66428
77194
98563
81531
80788
1020
34852
91796
56096
63237
90989
38023
80997
43685
96192
94735
4378
67151
11083
20894
52162
83809
83432
54253
54253
20734
1862
45588
59651
19243
16467
17045
27485
86971
38637
21137
85658
42929
9079
50454
24953
74787
63128
63394
87542
2915
76946
51619
9672
39468
29112
82961
49582
31091
33758
6040
69162
12626
9747
19062
54222
72468
43580
43580
44486
17594
1815
73183
17736
45579
74485
15400
17330
11651
44097
762
20611
84586
94356
60783
15013
4384
76601
52465
62955
43857
51213
55866
91735
41327
70110
36212
41095
94089
94089
96937
75515
75078
80195
25847
91973
86093
95092
5010
88548
49002
6870
63980
82277
78531
1342
5622
66391
98127
65252
51207
29263
68148
68148
74865
99364
37116
27588
74991
81437
24026
75022
79727
79727
94679
19818
82426
38144
13016
22698
19793
19778
41101
58568
4513
36527
11795
95720
83007
74358
74358
18375
13472
23003
4667
41025
64339
15094
19123
9457
25786
12134
63452
70274
39443
83912
47468
52480
73013
87520
57155
78856
62628
80362
24592
51745
18159
57756
77338
72809
95139
69632
14229
74880
33211
24197
62584
91808
59001
65266
67424
11338
72698
80491
73410
41158
56608
76941
70468
63642
4458
4458
47952
47952
41865
47862
859
11518
21595
75041
90500
54696
60356
88417
60668
73201
66053
28631
36450
89481
94844
84494
8988
44087
49943
87097
34969
98524
81537
67753
54597
26279
24481
24481
94986
70637
56804
51436
59772
7209
8591
647
47435
39072
34120
14539
31402
22125
70617
42757
25825
14012
54647
23361
77765
50735
29176
3270
37219
86803
71151
28469
70542
81910
11402
27105
91281
12206
45129
38833
61405
60517
70860
56722
44923
42958
48551
77234
55338
74825
58666
7119
66088
16128
2667
42869
45584
65269
44078
74854
38433
13982
31599
31599
76795
50008
3371
3371
36692
99438
35424
3462
28868
8204
96799
46056
9618
29318
17918
72064
61709
32979
36186
13638
13638
5329
49465
80435
53859
20356
85904
94461
9485
7027
63662
76420
98135
62312
4085
89458
68385
59662
15976
15976
50145
2794
2794
39386
77681
84295
77087
38457
36825
47933
85909
7347
7347
16222
63552
35068
71960
18197
3219
99960
16717
45653
45653
46121
3024
53034
62651
907
92152
78495
30356
89200
42835
24668
29794
67422
76333
76333
94066
48356
32100
52344
19143
64876
40134
19736
31812
56703
27031
60777
27276
48078
79999
42605
83331
94872
58941
94336
49063
4958
84712
83030
89087
57041
67693
54554
52446
63893
82105
82105
71405
54872
57992
57992
11628
10207
68578
75590
31870
74896
91251
6491
44429
45497
6825
45880
77890
39795
1483
52479
73356
87566
27106
31323
24326
4348
16099
52829
97976
285
38288
38099
72845
95445
20587
79615
66335
53682
47465
66491
90109
81327
39864
86556
98442
6827
59755
94287
4537
11685
83245
29824
75267
39238
92265
85936
21011
9664
71458
45712
92888
670
49550
48833
32147
12322
12322
51342
51342
28718
11669
54103
48341
19475
73745
43481
80901
18883
90835
86889
35037
57774
81946
33034
92495
92495
28887
8717
7041
5335
88427
23941
84286
86659
97071
59300
69996
40706
93041
5724
19894
38903
12256
71464
23795
78170
4180
13225
17888
6932
93873
34176
73422
39959
7671
86432
8716
63537
31615
90365
81866
38783
92871
9408
30555
71729
72490
25283
98705
53572
93195
96357
74576
95605
40965
64250
90387
75304
60414
68292
72728
76773
5008
59154
43196
97650
79597
14685
81252
6764
19963
77047
33371
6437
26878
3114
25717
8890
82162
48085
57488
57488
34569
97677
22158
35413
54745
21943
44526
71685
25580
1827
44226
74165
12282
11414
4881
95877
38897
22297
43009
17676
10647
80411
40107
99958
18324
56139
54085
90380
60285
41313
68937
11936
88948
46643
15082
27919
23676
89759
83014
10184
40459
99569
91926
39075
19268
95268
72621
95945
95945
95945
70859
94700
97089
92516
35346
35109
88277
87229
149
1603
94954
59443
49203
37300
16727
46657
54270
77678
2995
84231
84231
69901
86214
82073
86849
29378
89035
99350
99350
43742
33648
3109
20836
44728
48036
69164
45317
95257
2409
45021
65094
17798
25882
71723
25838
46946
93968
15592
90893
73568
44361
37526
27190
75062
75062
65095
4360
77635
75143
85118
81932
12049
4516
33880
15497
87538
3754
22517
46356
41323
41323
67442
37343
70872
90566
33390
41908
24371
84271
75974
55860
92942
33543
25516
25516
32764
11537
92996
26033
24807
99022
28606
4599
85415
86938
20794
11233
11233
25735
28371
6654
99295
8441
37790
17741
59392
64487
21958
9625
15647
50926
4289
84380
93559
86280
48527
75756
68035
45267
21608
47720
64810
61328
46209
32643
40166
16519
31526
32688
99688
99501
99501
46378
81857
86814
86814
96032
31231
76351
33289
43477
99966
10300
90376
2894
8233
67826
97351
80421
36124
45282
91962
46931
17497
3776
24178
42708
90104
55442
120
81273
71720
12690
71651
1374
13296
56996
9343
18943
58844
45562
620
56944
31777
9496
55426
49884
41229
85550
8501
58970
2321
126
46234
43445
53563
16213
79355
11029
36027
35284
93565
70465
70465
52561
80338
42562
28481
13559
26054
89515
89515
59439
14579
34526
78471
83996
6131
84112
71005
66885
38519
43829
53502
96245
44428
61389
61389
93420
86256
18932
