6969
1884
8277
964
9586
9973
7661
2406
676
2193
3077
1182
8478
9751
5889
4855
6683
3663
359
5815
8496
7576
5008
2293
8897
8317
4879
1359
7534
4362
5725
1586
5580
965
11
6440
6107
2426
7516
4469
3387
5592
9030
2419
7
2940
2255
975
3374
2753
5021
5237
8068
5208
7704
7393
5337
3579
8997
8492
9723
7238
6732
3193
6230
8751
7693
6083
9270
5643
4699
2381
5193
4743
4872
3404
9302
7966
1540
8761
7033
1214
8185
9726
3286
2306
6093
117
876
407
466
5442
9840
2349
9403
6015
5362
4215
6987
7010
5543
8495
1732
7307
1013
2481
3406
2827
5123
3972
1995
7798
9656
9982
4127
8394
7176
5531
5370
7103
8259
1660
1998
1412
9587
3891
2578
7310
6137
7794
4503
5467
4072
6979
2618
6079
8135
8342
5871
6301
5537
4525
6932
4368
3622
5046
8196
8786
7827
2262
8203
3778
4183
1327
8254
5741
119
5168
9391
8655
6254
4179
7434
7674
1015
7901
6101
1271
7535
4616
5583
9779
869
4214
5170
5308
1039
1954
4435
1752
2903
8047
1858
5901
3771
8696
8106
181
9239
2327
6613
3761
2176
124
8526
9955
3812
2757
8951
4961
1707
4137
8469
9526
9990
6753
9610
4484
8475
5738
6527
5934
1298
1455
9006
5056
7738
754
8101
3730
1156
1856
3430
5305
5968
4759
2366
7904
7932
1198
9055
3873
5297
2807
6414
1780
2341
6334
6206
1263
5555
1964
636
54
3521
2483
2931
7521
412
2358
7269
1671
7233
2117
7788
7861
1242
2713
3444
978
1474
672
6164
1163
5966
7193
8654
2046
1623
6331
4190
9532
9521
7575
7446
2678
4532
7047
6641
7971
9745
2133
2072
3371
9003
5480
4915
9984
6957
7695
9912
5323
3420
627
9094
8300
8191
8249
793
882
9661
8178
2495
5091
2432
2904
4632
4742
5146
5128
395
9071
8685
1283
5579
3743
2478
1452
745
9369
1887
9209
9293
6067
3041
8667
3954
902
8312
387
457
5488
752
1622
679
915
6441
9981
8977
4252
5589
3070
5673
6070
3690
9703
9277
9742
8597
2244
6726
3368
7266
6529
4413
2545
5156
7962
3975
2634
7315
7320
6056
5321
9604
7545
4370
7345
3959
4675
6347
3782
8522
8464
976
7227
7960
9227
307
9698
678
6084
9878
9341
2215
4800
6712
8231
1728
4339
3180
3623
3731
595
7685
2423
5514
8508
2917
7309
8740
2276
6665
4447
5339
8534
9657
4927
8640
8074
8942
3339
494
7375
4087
7768
5183
6937
3537
2063
7082
2698
7342
6595
2098
9465
3010
8428
2039
6898
4604
5348
2131
114
6178
7854
7084
4352
122
9185
201
5044
7118
2493
5187
3246
809
8908
253
6259
6768
2663
7255
2089
5570
7942
3930
2433
2010
4501
3013
2605
454
67
2792
2414
6274
1196
685
4866
5254
6981
9818
3467
5398
4007
5361
8107
9027
507
4254
5988
1278
4964
8173
4821
8463
8268
3802
2733
2920
5080
4946
7915
443
6492
5031
1497
8085
4499
3549
3640
1915
3243
7274
5051
5001
2438
5489
1840
9971
6745
6406
1337
8343
147
6283
5723
8783
896
9832
5599
3187
995
6400
3694
1838
5693
5498
3580
2212
8294
8987
5073
6422
5713
9089
8873
8184
8652
7211
6870
725
8787
7167
2599
1715
6785
8645
2463
7324
6023
5903
4749
8563
8677
2941
3203
5595
9914
4017
9356
1489
6318
21
2436
378
4174
8154
9153
2924
6896
2197
4806
7646
3084
3992
6035
9688
2337
6329
9445
7634
582
385
8558
2812
6106
1107
4
4600
7470
9615
1944
9091
1112
6295
7406
424
1467
4043
6139
7156
589
4599
3357
2229
233
5095
7601
7978
4108
3108
6389
3746
5311
1041
5726
1059
9646
9110
8683
7287
4053
539
7587
6610
9770
5459
517
632
1052
229
2700
7500
2961
1213
437
63
2242
8390
6511
8126
6917
1569
7225
2746
6280
2462
8098
3605
3998
3727
9105
6361
555
6949
8293
593
6725
6250
3433
2832
9364
6637
9887
534
6755
7505
8426
5941
4763
3510
1789
2348
8054
3118
1596
206
3411
198
2062
9673
4635
7417
4936
1479
1176
5441
1992
5745
4633
6336
8768
2513
8132
4236
2391
6435
542
6600
7611
4116
3087
3634
2954
1834
6679
8794
4077
5451
6198
8144
8809
7226
2126
8833
2683
8233
5910
5418
8520
2219
6714
5952
6037
94
4553
9218
3442
7625
6933
1067
3677
3400
275
4756
2861
1453
9847
3088
4025
9749
1883
4225
7319
6623
7170
4744
4602
320
3320
3765
130
9050
4693
4325
548
8103
5615
9169
2402
2499
7711
3336
9644
4966
651
4770
8355
5402
9409
7529
6474
8385
8743
857
6899
6212
9404
7830
8642
1095
1659
5419
8094
6958
4678
4829
9855
1513
2509
9790
556
8678
4256
3003
1177
2005
2124
9215
7817
5207
4988
2534
1615
1011
3633
3173
5730
3599
4399
3679
8064
2292
6648
8927
7889
608
6044
3503
778
9470
6078
8571
183
4141
8838
8433
7764
7628
523
4694
2476
5494
5024
7378
9867
9137
3409
8052
6703
6098
9743
9252
1170
4973
5729
2331
8704
6476
2851
9344
7724
3617
8260
6603
8899
6221
2563
7426
9012
6451
691
7135
6019
7823
3308
1922
890
5209
6743
2147
1529
8292
9102
6473
1913
8903
6854
8252
2707
3713
2214
5030
1460
6859
3333
296
4359
481
4375
8190
3008
1976
8020
5392
8096
9149
1064
9048
871
1520
7449
5397
7480
42
5774
8509
1259
2453
8123
1731
1530
5911
6490
881
7791
9566
6635
4686
9427
6513
6393
6700
2094
2935
2415
2490
7407
2145
1125
5523
1230
8841
405
5948
1338
1119
7087
9510
488
9493
7547
141
6470
3114
4647
2670
3916
5649
1132
3375
6838
4945
5766
7450
9750
3528
7752
6380
1317
4222
3738
7983
459
9756
3615
1377
3756
8109
2066
1235
9957
5929
1963
7347
4717
4430
8176
3463
8244
3870
3948
8392
4418
6895
6433
2127
5906
837
5326
2351
9968
531
3600
8721
8635
5429
4918
9783
2459
1945
477
3300
2050
8384
9059
2762
4354
9583
1072
4400
3064
6058
9319
3350
3838
3867
3739
2925
3438
9386
1434
1368
6662
8279
7909
4638
2182
9035
5813
615
3436
8603
1385
9077
9070
1514
5697
9335
832
1982
3367
673
8575
2168
4419
1202
8008
6989
3283
6948
3107
772
7939
3329
9535
1134
7086
1827
7466
536
3496
3001
4658
6421
3083
4414
8036
4491
9046
6570
7539
689
1655
9972
5505
2579
116
7992
2399
9246
9950
7590
7933
168
5850
7530
4646
8297
2879
1692
1153
843
6791
566
6721
9932
5253
829
763
5587
3735
3789
468
6750
6268
4952
8805
5192
1558
2188
3006
5668
5853
1360
9251
3332
3282
8448
7050
6586
7980
5872
8344
3459
6171
6428
639
6012
9172
520
6638
3686
8209
4450
7363
5173
3260
2783
9438
1799
9301
8515
3028
9250
4816
9927
584
2285
1485
2630
8372
2614
4246
3871
3748
5949
9549
4906
2720
6111
6426
2779
7968
7130
2184
8206
2518
1473
3325
5217
2884
3786
3964
211
7344
2385
8931
9831
1083
807
8179
8242
7900
4805
8070
562
367
2068
3845
9649
6884
4958
6308
7401
6189
128
6868
8892
8480
6477
26
563
2322
5575
5867
6424
6439
3446
2029
7647
5295
1835
6660
5356
2269
4726
5793
4094
7117
2388
842
8734
3986
2602
9624
5000
1420
5389
9229
7571
7125
4588
3202
932
2300
7527
2482
5883
1745
1643
6010
7991
6812
9911
1029
5381
2405
9850
4760
2233
4740
8693
166
7383
4983
6881
889
3461
7132
4830
2808
5679
3109
1676
8332
5558
5874
2158
3583
2575
6836
4812
2734
5762
8697
6352
6643
2937
6770
9491
6509
2849
3835
5758
9675
898
952
4796
6242
2101
3153
526
9171
1215
1687
7849
1133
8408
7720
280
6664
4767
7958
4299
5847
9897
5248
4081
9017
1523
5824
5299
1303
7896
6202
453
3254
3825
7591
3102
1815
680
9481
8396
8368
3112
2754
2557
3272
5939
5486
4004
3712
1282
5285
1723
3542
4867
7842
4241
1860
5798
5928
5307
2628
8115
463
6375
8120
3019
4478
1797
4539
2548
8981
6240
8316
3591
4857
9595
6862
4863
4151
8716
5710
301
5776
9402
9039
1290
7300
4999
7368
6281
7188
6113
2333
6493
2554
7074
1374
4310
9305
3242
844
906
6894
2999
9811
4507
8030
1905
3900
2380
5140
8832
4455
5699
5460
2881
8944
2100
3421
1970
4941
8684
6534
8681
3888
4745
1157
2018
8117
4697
535
4799
8393
4506
1047
3234
3724
256
3803
281
5352
2902
9898
6007
3449
5789
865
6112
3543
3944
5844
7083
7416
9143
2837
5714
8568
1880
5401
6244
2636
5622
156
7203
2372
1144
5977
9467
1946
5865
7880
7871
6553
3985
9553
8180
6077
5971
690
8076
8204
7878
9815
4110
7482
9224
4981
8421
3661
2475
8263
1534
570
7293
977
2473
7163
8477
228
6541
8237
2308
8995
2041
176
6724
8422
5785
1043
6519
3224
7275
2705
9146
3913
8349
7044
252
4965
3474
873
5969
3280
4194
8099
6558
1053
9862
3952
9328
4619
991
6461
1548
7824
8807
9725
9326
4267
1980
8837
1729
1285
4570
1556
2069
4099
660
237
2264
5972
6789
1174
8668
8118
4729
782
8283
8670
8247
4008
2508
5058
8659
9692
489
9096
8650
499
4456
868
5176
7139
7594
4831
9546
7776
2749
9921
5525
1885
6468
8762
3351
9220
1551
7154
5456
2559
5930
9312
9367
8273
9306
7911
5858
4166
2505
6961
3348
4505
7461
4695
9043
726
2360
8005
5981
6099
7908
5812
656
4247
8785
546
8961
8988
7252
361
557
4603
4361
8028
388
7821
1090
4323
697
9042
5591
2335
1320
1979
7790
9090
3304
1255
7496
5049
480
6624
4140
5408
1168
2365
4982
1442
6379
6270
1033
8108
3022
2998
2067
2443
9918
5263
8676
1221
6596
6060
1261
4908
7607
2740
1438
9033
1330
5689
1895
1904
3946
8016
9148
8102
9539
1410
968
5935
3614
2959
3889
8744
2691
2667
6582
1538
591
2719
4771
6142
2091
1200
8038
8153
3402
7569
8812
9337
2345
5347
1486
1796
9767
7743
6180
6091
6032
7839
9325
3702
3922
33
4350
3654
5987
6938
3837
1145
7483
5202
5053
4457
1612
9681
1701
6453
8671
4332
5476
3958
9164
1818
2421
44
6225
1217
5278
9861
9848
3343
9765
6255
6443
446
2567
7592
1575
6323
4086
5319
1063
3186
8057
6013
8060
9121
5598
840
8218
5103
357
577
2466
6169
4420
6625
1570
4040
8719
5638
8639
1897
5074
7095
2643
8544
3936
8004
6480
8816
1437
8707
2328
3434
7710
7899
4050
2828
2538
4402
1613
7522
8006
4718
5423
3607
8386
1566
4884
4626
6663
7533
334
193
5817
6479
8248
1987
3770
8009
3373
2457
3906
9715
8538
800
2868
91
7943
776
1775
6382
5582
4731
3489
5403
7312
2183
5025
2023
292
6602
5510
2871
9133
9642
8399
3627
5753
8738
1076
5512
9744
438
3758
1358
4249
634
9854
7027
9771
4403
7963
739
5588
5196
2144
200
7328
5112
4714
943
2711
6391
5219
7062
9231
3652
8905
2531
3198
2673
3823
1092
390
9597
1457
4820
4343
5891
9057
9701
6087
3595
5200
444
7715
7689
6494
2800
3392
3734
9151
2104
5376
8872
6605
6955
7617
8138
2806
2469
7452
1647
2043
3205
4643
1251
7585
9519
3905
2232
4102
7384
2897
5410
7041
4353
653
3352
1370
8017
5081
4528
3815
232
597
2666
8901
5477
8675
1244
9233
6181
835
6265
899
3190
4285
1494
5016
5585
9134
8285
2582
9567
6415
8592
3089
3628
1981
9983
3880
931
694
6995
8335
3956
5320
8278
973
4177
7700
3029
2894
274
8876
6103
9962
7114
3787
196
3737
449
2936
284
5645
3023
8540
2958
8003
4475
1363
5264
370
2311
7006
5851
5516
3110
8187
7570
1682
2060
235
7322
1319
4511
2592
4436
6297
970
6349
8741
1825
8996
210
5047
9376
9475
2059
1713
1425
1672
9958
9199
84
3875
6947
2189
420
6160
9226
282
710
7056
4980
4158
9296
4854
8485
7681
5869
8498
8503
2525
2872
9842
6636
1934
9097
8267
6903
6249
5530
1931
3472
3036
3783
950
7982
7413
3681
622
7180
2969
1576
9063
5897
6830
8818
6080
2913
8499
3276
1031
3955
8703
9820
7465
8400
8938
8722
5634
7579
2498
1340
3603
435
5557
4994
3278
4284
5520
7833
3095
3876
9322
3501
1344
3288
9684
831
558
6026
2298
9084
9634
2106
3326
2943
236
8388
6176
5075
102
7297
1924
1084
8164
2883
7165
3228
8644
8059
9768
5692
158
1300
9321
9206
1399
1670
3971
3697
8757
4892
9497
4398
8771
1870
104
8455
5229
731
9109
7725
4066
962
1356
5312
2860
9398
7952
6650
2087
675
1764
5644
7136
3616
7898
2506
1618
803
9503
98
9951
6670
8545
9876
1871
5501
9942
5535
5390
5382
3155
9108
7912
4335
7589
7930
3651
9636
6475
3621
7318
4666
1325
3189
624
8729
861
2635
4522
9856
5769
9286
3192
3535
1005
9141
7303
9116
4569
8282
9444
2403
4308
5106
6197
7160
3146
4776
8541
7038
5292
3486
4575
8581
3709
9837
1908
2784
1848
6671
6886
8192
8152
1443
7859
5365
6215
8594
6353
7844
1006
8471
8353
5768
1396
8560
3755
2638
92
9184
6155
1717
6241
4549
384
2750
8620
6674
46
7633
6157
9605
7229
3071
5271
1925
3897
8473
4406
8019
4668
6984
2154
9430
4109
368
1790
8357
2564
5243
5417
8760
4031
8137
6752
5748
4921
1735
4482
6739
5
4851
7037
684
8611
3918
2155
1689
7550
362
6810
149
8975
8288
4027
2633
5491
9707
6729
4654
5255
318
1203
7847
9864
9722
8557
3185
3334
7222
7709
7330
3144
7595
1873
7948
1878
5500
1322
6404
3212
8851
2620
9044
9336
3265
5609
9180
8866
3508
4006
2065
4013
7151
4940
434
6530
1099
4401
8898
5472
7502
1371
6819
7085
9638
5829
4939
1571
5970
7166
3157
7335
5350
9948
8133
8087
8784
440
1718
5545
4199
2446
5819
7294
9483
9555
1898
1773
7564
2422
6557
7030
9088
4902
7429
300
188
4948
9821
6002
189
3354
7792
6922
2716
1193
1208
737
3048
6544
8230
2922
9697
5105
806
9988
2912
4275
6915
7523
3506
3901
2486
4153
4242
9596
6248
6765
7883
7059
5735
2980
6911
3056
50
5213
341
9709
5040
5927
6174
9544
9015
8615
7076
9813
1845
332
7548
322
347
241
816
8465
8919
8613
1654
8211
3828
3414
3586
8826
1839
6256
8834
1003
7746
3539
9930
9375
2455
8521
6173
9485
3843
1750
2830
4347
1199
6661
4593
7370
5698
3479
2343
9995
4037
379
9223
9999
9036
6559
1023
1422
5120
3699
3643
2035
4260
8262
5663
5838
7526
6780
9901
5790
5749
6094
4268
9362
4835
4032
7261
5280
1795
4444
4520
7723
2704
1537
866
7732
9338
4105
3910
6275
3316
7179
9740
6767
4423
671
6344
2777
6278
572
919
8275
3313
2855
7116
1555
7690
9819
4873
7795
1495
5275
4103
4645
9374
8593
8602
3365
4591
5198
4502
337
3523
4524
2058
4823
2437
9788
4303
7126
4557
1201
7493
9541
8325
2203
4706
3527
7656
2079
8443
9895
6001
1771
3302
7744
311
895
5665
8012
3949
226
513
9183
8239
9253
7805
5794
4559
8970
9279
9647
7696
1620
4674
3950
4583
2355
9755
1117
3745
4753
1910
6046
3447
3417
9594
8467
9525
4443
738
5572
5027
2008
609
7432
2778
741
251
7501
2268
8978
2556
2081
2537
3525
4682
1539
2382
5739
7616
4383
2074
5406
7631
2318
1324
4631
3609
9959
2570
1392
1249
1782
3629
4663
8289
8865
2368
7834
8539
9985
6068
9502
1978
1365
5656
5190
4378
4576
8795
7364
1105
1127
6885
5430
748
3626
6716
4640
2535
3097
9904
7808
6144
5452
9426
6354
867
9340
4701
9753
9787
1500
698
6343
213
5266
7785
7688
2650
1961
8362
1559
5581
6599
9937
1051
6296
3563
7250
6832
8551
5922
7259
3274
2228
159
495
5034
5685
8989
9357
2369
2479
2862
7162
8360
4391
8835
4895
2736
4002
3606
386
3979
6807
7035
6766
5291
2000
7439
1375
3794
5063
7343
1118
3214
7123
6359
514
8411
5224
9676
4425
8427
2822
4819
244
9258
7712
406
9679
4592
2858
9124
8452
722
8078
4460
7825
3121
6887
4931
6508
8804
366
7504
7935
6469
2086
5227
2310
223
2507
9536
2227
6843
1572
9020
5707
4861
5756
6482
8379
2216
4483
7853
8013
6252
1519
3124
8032
994
4082
1074
560
4848
8791
3522
1404
8225
980
3166
2850
3593
5728
2484
6626
6656
1721
7015
2927
5003
711
2566
4620
1465
3548
9515
993
4490
5540
6549
6374
2190
5731
2376
5152
103
3322
9435
6878
2829
52
2703
2185
4212
1808
7326
3645
6227
3291
903
789
7382
2044
9550
3000
9154
917
5017
5515
3585
8800
9075
3093
2568
1348
4042
5199
2659
2972
6485
4844
5234
4074
4901
4865
9415
7603
7428
15
77
7354
4005
5835
1881
4411
6291
2051
1952
5620
604
9031
1357
6052
1097
4279
9677
6388
538
502
4655
525
5245
6962
313
8732
5317
7224
4167
4380
1077
7903
8146
5961
8547
3729
4152
6302
1553
2204
6612
6908
5380
9363
3045
7080
8345
5719
5446
1567
2960
6882
2460
3558
1343
2016
373
4990
8648
7970
4649
8629
4700
9179
9263
8561
125
3366
5743
2930
8527
450
4738
1268
3953
9538
5007
6952
1459
9994
8439
9979
3464
6356
4462
9112
9295
6419
4667
2729
6857
5139
7362
2664
8864
8315
483
135
4975
9330
4869
6409
6776
6944
8617
8618
6520
5394
8921
6754
3507
7213
5917
7427
9383
6045
486
9005
8081
5325
6338
6232
4075
4977
2880
5332
3567
9830
7787
4304
9721
1503
7683
6822
3939
1562
3262
1187
7000
7532
6775
4752
2024
8777
4015
2123
1535
1464
8990
9396
47
485
3177
8403
7207
7917
3909
9934
8792
8453
3611
5534
7025
3005
7643
616
4659
268
4580
5036
3113
4095
4471
9792
5885
3926
9058
3270
4309
6666
5287
4628
2296
5569
8630
9666
3055
5744
2488
6016
6398
1867
8200
4711
8483
9471
4290
8893
544
6813
637
2238
3612
9064
8481
8831
3865
8479
4933
6652
2450
2313
5099
1326
6844
5795
7761
7593
8605
9873
1361
2737
7573
1352
4044
2967
9760
5627
7566
9869
2775
1628
9528
2195
3814
1220
7204
462
512
934
9883
2748
6194
2278
8779
3718
8528
2629
848
10000
9805
7336
5600
6335
4802
9784
9198
2165
5180
5680
6172
4121
2876
8947
6737
8712
1899
3485
8548
8182
4922
1512
6910
4899
7398
5742
4486
7923
6499
8043
1087
8405
5899
5407
8906
3773
2577
7262
3855
4639
862
49
8162
6829
2895
2637
3795
1432
1593
1603
4145
2543
9191
7492
4594
3176
8418
8745
465
7680
1309
9443
7769
2222
4255
4838
4039
6597
4338
155
1879
4979
219
452
1876
948
5078
5249
7802
2995
2013
8378
2953
1607
7636
23
5414
8500
6577
5144
874
2997
4840
5621
3105
7119
960
1100
2273
5632
3384
7929
374
826
1699
781
8621
2336
7194
9358
6209
2979
5109
262
272
8708
5269
3902
6646
643
7372
6762
6088
3306
2814
7691
3732
4036
8894
8587
6763
5328
5318
4612
3683
248
3693
7913
2560
6657
1001
7186
51
666
8435
7726
2821
7177
8840
8507
3509
6841
3349
230
6124
4047
8417
4274
4883
1667
846
5904
80
6939
2357
4500
3250
1971
8932
1102
9801
7882
6455
216
7161
7602
5130
6817
2213
2223
9633
3046
8599
6346
8991
9913
2320
8077
4595
8224
9552
9581
4818
1062
400
9431
783
6784
9806
2642
742
6319
7280
5973
7063
3158
2115
6267
1741
8549
4495
3977
6510
8305
4155
8449
8725
9420
7729
132
5449
1857
3210
2603
5471
258
8250
8406
5808
2247
4441
31
2952
8662
5244
8454
9021
9655
9954
635
8044
605
5300
4033
2682
4374
9170
4942
14
1936
9216
4579
1248
718
6874
9908
7022
3561
7517
9448
3999
3233
9053
2549
3993
6644
2191
353
8698
9453
6315
1272
6633
2631
529
2767
2898
3082
8871
6445
3928
3604
6156
4205
961
8337
6066
2032
6677
2546
4947
2064
3165
5784
1173
9189
6580
1606
9662
1450
7981
4147
8628
7799
4563
740
5502
7249
2824
7155
5022
9589
4292
3271
9839
2962
5220
6020
9746
4890
3160
6905
628
7367
108
630
7596
2334
7934
6803
6533
6231
7869
1269
2141
7052
8156
4938
482
7036
8829
7654
2297
8824
7614
699
5009
9764
6936
8040
231
7257
6394
3903
4953
5314
351
1435
6147
8171
2317
9741
1960
1192
1663
9977
7676
7699
4227
2303
1862
2802
1030
5288
825
3191
747
7588
7897
3951
9645
9940
9387
3482
3698
1923
5946
6990
4317
6025
6005
7773
5908
1759
7355
6934
3443
6574
9946
3204
9731
5282
2430
3044
1658
4136
9260
6262
9104
1544
1809
4642
1091
709
3836
2284
421
5457
1948
1583
9085
5691
3236
9696
5711
4590
2319
3211
6063
8636
8920
5630
7894
3878
9699
2857
4489
3890
3791
265
4259
8333
3544
6616
2367
5678
2696
7623
7105
5425
8163
3104
2907
2831
5764
5206
79
5747
2125
9520
8048
3364
110
4449
5225
8447
5346
4192
6876
4681
1020
5258
2725
1245
990
1461
8714
2646
227
6287
618
9144
6928
506
3483
5235
2811
3290
1788
3452
7499
3162
849
7020
9777
6128
8220
712
7627
3363
9732
7253
474
6512
7146
7142
5553
3098
8616
3990
3817
6581
4356
2511
5821
9816
5646
3830
1568
8100
913
8928
1656
2580
304
2202
3655
7936
1798
5670
3659
4448
8476
927
9772
5212
521
7754
6192
875
74
553
9622
3796
6676
7974
8694
3722
716
1417
3638
1841
7296
3923
4030
8438
1104
501
9086
3853
7990
3062
7240
3632
148
3819
5967
3085
3369
2966
7786
7140
7475
5767
9888
4171
107
7940
5596
8217
7379
5888
8280
5925
5270
7919
4434
5818
7459
9665
3130
8643
2957
9024
3691
2036
9038
2119
9345
3852
5562
5519
4129
1266
3766
5114
4708
1614
6788
1830
4382
4162
6041
4995
5559
822
5473
4589
4080
9163
7872
1241
2397
433
4989
7014
6850
6153
8638
4293
1223
1301
5182
202
4266
5997
6632
8661
5354
2307
3033
8056
5223
9803
8553
1803
1295
4164
1491
3017
5876
5539
1428
9900
3217
7874
6218
7558
8351
8993
3072
2362
5141
1225
6863
3476
2256
4221
3728
6818
100
7021
6051
5608
2390
376
1690
9759
9298
9317
6681
7212
6634
4379
9080
8706
4526
8586
2200
2809
8770
5265
264
9943
3721
8369
6996
9135
5301
7281
1590
239
7291
5232
7306
8862
9906
3678
5556
4062
7644
4253
9970
2724
518
3015
2425
9944
9670
8412
5933
1685
4687
1262
9433
7172
8552
8071
9479
4011
4581
6931
3590
784
9872
7141
1991
9537
4621
6532
6951
6590
8409
790
5923
199
6114
6149
3658
1275
7664
8303
1847
2519
9496
5306
64
4610
7316
700
1932
5068
7374
9754
9570
6307
9054
6576
6524
6271
8296
3052
81
7395
3309
5984
9682
1483
2843
640
853
1085
4555
6073
7663
9394
5921
3750
3776
2804
936
5724
4416
6362
6365
2765
5704
8238
3266
1573
403
1990
2648
5775
6210
8673
7890
801
3275
5915
4870
356
2116
5377
859
2374
7272
8578
5965
4684
9125
2651
3969
4373
2541
295
6351
1546
2553
5335
4736
5658
3117
1533
9669
860
8489
6288
287
4761
2314
2120
2175
8035
3294
652
3488
4307
2901
3269
2441
4073
9600
1765
8664
1956
9617
1942
6607
8226
8994
9464
6385
4146
8875
1993
5421
1962
4955
5160
6357
528
5238
9150
3938
9160
2444
460
9390
2990
8623
2842
4479
3418
2283
8695
9606
4197
7514
1045
7223
4886
5013
8415
303
9763
7013
9416
2674
4159
5387
1888
1184
3769
6609
1228
3680
8341
7421
2640
1171
7972
5951
9009
5524
5015
5651
2424
6849
9225
5603
3140
5166
2099
3057
8583
6864
7245
7305
2611
8912
3625
6263
6575
537
5909
2730
8376
2241
5391
7256
2875
6312
3984
7198
561
6913
3156
2758
8161
416
7242
3305
8134
5597
5478
6572
1079
1158
6314
8686
1644
804
9879
6104
9323
9817
7770
2714
762
5434
6742
3468
5781
9023
8972
3559
8925
9601
2652
1328
4065
3630
9407
1096
245
2248
510
7669
7164
1709
1609
9849
3469
9705
3059
1124
5126
586
8257
8955
205
9500
2524
9115
5584
2503
923
5655
5072
5561
6856
3493
7270
6827
9843
8049
4078
7350
5039
3416
3862
714
1058
6282
1040
6429
7451
4454
5341
3517
9165
1471
5226
905
2787
706
6804
7183
7902
2610
8269
5273
6672
1211
1986
321
497
6233
2245
5041
6588
3504
9865
4422
4885
2893
8175
4124
7456
7518
3445
1237
3310
5831
3054
5926
5409
2722
7486
4671
7093
93
1600
163
1313
167
6416
2180
9695
1901
273
4210
6447
7169
5293
5065
5450
8310
1239
1195
4613
427
9262
1332
8169
7149
5211
5593
6655
6140
855
3398
3448
4944
9129
5367
1949
4220
2135
1917
2235
1231
5057
8727
8434
819
180
1469
8215
3184
6430
2985
53
6935
5322
8939
2261
5201
7477
4960
8222
3405
6867
1142
1610
7099
3020
8517
3974
5327
9315
6985
4392
2282
6125
34
8900
2911
1921
6690
8533
1739
6031
165
8713
9810
8930
8788
6976
4101
7091
70
5605
4281
6802
4967
6711
3439
5087
6861
2675
9419
1564
5890
7391
9162
8627
1506
8025
828
3307
2987
8769
8888
2801
1411
7267
2449
4926
1238
2111
610
7581
4728
7789
6852
3311
1161
6310
7067
9152
3772
6096
4548
8941
2865
519
2744
9729
695
99
606
4722
9949
1291
2130
4198
7111
3148
4650
2515
1294
8159
657
1550
123
3440
8596
2442
3216
6669
9269
6237
2983
4665
4313
811
3134
5511
1787
9456
530
6912
2194
8573
7113
9947
3801
3856
6760
1296
735
7800
3799
1407
5020
2435
1431
3726
6036
2112
4703
1996
192
9073
7418
5959
344
7032
9680
4208
6548
2434
5803
2290
312
598
294
8796
8982
3092
1941
2148
9011
4187
8437
382
5240
2015
2859
5703
3297
3692
2275
6228
1250
3382
1581
9289
1162
5233
1602
1232
2774
86
4905
2156
9808
2022
2413
8867
9076
221
2597
319
9498
4326
8814
9490
4142
2315
8149
5329
6974
1985
2458
4258
8710
7210
935
4175
7881
720
1333
1160
713
9890
3723
2766
2540
8632
6126
9880
4150
5277
3804
6960
3562
3344
5455
105
1418
5672
76
6495
5345
4018
1458
1256
492
8666
9157
1254
2899
1138
2934
381
8160
1060
8895
2888
4514
3649
3641
1101
5438
4957
8589
9952
2431
9342
1226
4585
2404
805
1206
7007
817
3941
9667
1861
891
2805
8128
9562
3273
3569
2536
2342
4493
2844
2389
442
9778
4058
6562
3564
5274
7920
5470
9449
8591
6062
6783
4907
7181
6531
8340
1511
4719
4125
1121
533
5791
8839
8082
1081
2794
7388
415
5145
8370
7525
6396
1273
1619
9786
4245
3412
4133
6790
2532
9494
642
1776
5788
3868
1131
422
8976
5786
5197
5038
760
4789
7081
5084
4781
1777
7175
4342
4306
4023
1229
6988
5427
9372
8
7071
4305
62
6601
5324
3774
1504
3281
8199
6526
3552
6048
9114
5834
1912
4114
6339
4289
5705
9824
6102
9384
750
6705
6536
7804
5861
3675
9455
9776
5353
1172
3227
3356
9074
3512
4598
3237
9370
1367
1044
5284
2049
3619
4231
2586
2279
7495
8125
8737
7524
5805
7195
6615
1394
8808
24
6065
2755
7741
7442
106
4951
893
573
3458
2963
4624
1875
7185
3238
6486
3115
3032
8555
9791
187
9237
6199
4852
5296
802
293
2874
5215
8429
6243
9320
2009
6578
4312
2221
8420
4340
7412
1863
184
2114
5979
3154
1769
7386
175
7975
3465
7078
1281
6851
2055
9459
511
1349
8380
1617
929
5142
3820
9113
2914
3196
9195
2573
1307
2773
9271
1747
2412
3256
3014
2689
3520
9282
345
2527
3050
7436
9095
5611
6521
7737
7011
496
3410
9812
8747
1574
3554
2681
8582
5132
9909
1744
5153
1024
4804
4063
3342
2984
5116
5982
3863
6316
9585
5239
2077
8924
1507
6593
9140
3016
8041
6325
8782
2048
8992
3848
3397
6686
8221
4724
9429
6269
4497
9087
8739
2770
5801
3182
8723
60
8612
2021
2517
7302
7910
966
3287
6054
5011
5629
7410
314
8095
310
1850
1284
4235
1697
1369
6735
951
154
6704
5650
1691
5857
9257
2665
1057
1022
8382
3642
6965
7234
6191
7463
2653
7220
6889
8113
65
4751
7756
3983
3896
4311
5048
2919
1812
9560
9748
5107
372
1025
1017
766
629
6251
2304
8763
1524
4029
7246
6720
4328
5552
9297
9299
3961
4735
9889
1126
8781
1481
7209
6306
8053
8663
1725
8633
145
4216
2210
7366
3733
3473
8861
9685
3380
6642
5782
3895
2595
3684
1354
7171
8245
6921
6253
8166
6695
9473
2793
8854
6120
878
8177
9411
1066
3161
8881
4230
5860
2551
5913
4772
4113
9324
7192
4710
8853
4817
8116
4545
4068
8348
4387
8964
4300
9892
4707
6085
4428
9181
983
5281
7653
2926
9530
9809
5720
6667
5619
1219
2207
4877
3337
9833
1264
758
4131
1668
7999
2281
5439
9593
8619
7751
7945
8531
8323
1853
5896
2900
603
225
7102
2788
2012
1167
8510
5185
2905
3218
4156
8554
6488
1446
1817
5894
5443
702
4943
455
4547
8069
3081
9650
9632
6418
9991
5026
5564
692
7745
6757
1419
1807
6924
4132
5683
5920
8432
7574
4115
2400
4240
7560
9332
8255
3386
1679
3584
7460
8674
4954
9774
5900
3741
7016
7749
5752
1493
1783
6734
1088
1323
4596
4333
224
6795
5833
6556
4894
7046
2991
7323
4623
5546
8937
6224
6384
2295
9796
4891
4562
464
9733
8314
9996
9352
2030
4376
85
2234
4996
8858
1098
6535
6926
1342
3529
3034
7019
6027
89
8916
8584
7851
8653
190
9929
2217
7282
7740
4298
7409
8460
9877
5893
6438
7371
4950
9041
5826
4257
1967
5937
765
3136
6982
6467
9446
6497
1937
9712
7115
6564
6401
1563
1900
8051
5369
7208
1706
2656
2090
9978
6825
7247
8806
6207
7187
1028
1137
9609
2587
4034
7301
4239
9599
596
1078
1951
61
7448
5172
1279
9360
3547
6246
7468
7337
6150
2976
9762
8158
354
4875
5050
2852
8228
7381
8736
3821
8564
6143
9998
1724
3781
4878
1661
7928
6694
8431
5420
4322
6999
2735
7494
823
1746
6029
8935
5809
4997
5990
4408
9891
9578
626
5216
2776
8799
9428
5304
8142
2589
4226
3648
7989
6779
677
613
3174
7408
1403
2695
7906
5167
7392
2492
918
6545
5189
8918
8651
9266
2759
767
7462
6699
7605
7054
6463
9769
4842
5054
8773
142
6756
9013
2160
1785
937
3885
3647
36
5256
9450
5733
5586
2102
8243
3101
9752
1445
7988
3053
1466
2688
4098
579
775
9482
8050
2833
9178
4504
1516
1517
8251
4698
9580
6383
7621
194
7870
5400
3391
6417
5565
3251
3129
6777
3805
45
617
7144
4992
3142
6053
2584
8658
9738
2727
56
7660
1339
6273
9506
7584
8889
4396
9232
7642
4862
4060
5179
7632
1595
96
2026
309
6826
5416
5712
5261
7479
7852
2418
9573
3920
2929
3497
9857
9966
1400
5675
153
8055
5614
3422
3011
7396
9212
7029
887
3682
9381
4868
6693
7189
8291
1678
1505
6515
4690
6900
9292
7411
5210
9826
8513
9331
6744
3264
8730
7094
7639
3163
3829
7290
647
708
901
812
1381
1048
6673
3079
3716
22
8112
3125
1194
854
7559
3249
72
3065
5161
7202
143
4090
6028
3487
7722
7734
305
9138
1032
668
9997
1704
9368
9785
2690
5843
4518
6014
5773
6472
1621
641
1110
6293
336
8328
4232
4233
1427
4841
4003
9300
9434
9713
9925
3376
1444
9051
9201
1183
6132
6105
1149
9463
3927
7284
7488
5094
2042
2211
4531
1406
9230
3025
3540
7333
1734
7816
7268
4826
6645
1463
1128
9161
6487
768
1253
195
9577
1968
7351
4777
1185
1258
2669
6589
4104
1299
8789
5647
6064
9969
4045
9920
9123
8657
4670
115
1826
9060
1169
6038
872
4784
7855
5763
1293
8505
5218
7925
8229
4888
3255
5412
6427
9101
4084
5066
4010
1130
9120
4250
8543
8546
5479
3120
5963
9474
9280
949
621
9037
6668
1447
5289
9631
2588
2944
1413
761
4219
3577
9329
2528
5708
3327
7562
9706
8148
1565
7331
7807
2945
2393
2270
813
6413
4135
6130
4186
8321
2996
4206
4919
5386
9975
6235
4446
9961
7295
5052
945
6891
4911
7112
2007
9804
5393
4119
5085
4512
5574
8943
9242
5413
7358
4488
8726
6630
315
4577
4605
910
5686
2544
9616
4909
3826
8600
2550
1212
8929
4316
4803
3780
1398
9559
5882
2662
1657
727
112
9628
5522
6710
4970
1036
7763
5165
6701
6182
8256
2764
476
3904
3921
1760
4904
5113
8441
8219
1639
4834
8886
5045
7635
3532
9845
8754
6727
4934
3846
5379
7755
5957
3886
2819
6061
1416
8936
263
389
7528
6994
8194
9026
6136
2838
8007
9512
620
6055
3324
4388
1766
8264
4582
8111
8195
324
5576
3711
5404
2743
4978
5737
3389
9025
9052
1727
2251
5902
3988
6585
7145
8983
1113
5936
5796
8404
5372
1129
8958
602
6264
7866
5881
7698
9131
6317
3478
9248
6095
2363
6432
864
95
6835
6649
5814
7040
8487
1366
3221
1405
3898
2280
6042
5914
6151
7134
6167
8609
3432
7079
6505
1711
2789
111
7876
269
8917
4574
6823
3601
4968
7765
5783
1152
2853
9308
3858
5836
1737
4597
3395
2657
2684
2562
1274
6837
8168
2928
659
7321
4889
7423
9814
4173
2772
4917
7341
7893
7058
2199
8235
707
9858
9758
4920
6162
1312
587
3719
7221
2694
3231
2157
7389
1482
661
7147
4421
8501
358
5533
8672
5660
8679
4923
7875
3777
3997
8450
9186
1680
7215
2088
2994
8891
4871
8402
5778
7045
5252
8850
9960
4244
5820
4882
5186
41
2177
6992
3676
6402
2361
9069
9859
6258
8511
8516
3456
7422
9241
1508
4824
2288
3665
4451
7578
8031
1423
9935
870
8075
3932
3312
8371
9067
9484
4178
8631
6890
2353
1616
5633
6993
3914
5169
791
9992
2271
2623
8608
8957
955
4334
5799
2820
4914
4384
3514
4083
9200
5870
2034
113
3524
9690
607
3827
8459
6089
6442
2616
2768
151
6279
2110
6496
5727
4445
7826
2604
218
432
7905
4248
4779
9359
4069
9392
3207
4630
4437
326
7435
3531
3917
7650
8923
8287
3321
8304
9008
1761
1914
2206
5083
2741
5405
162
2854
554
6039
9034
4807
1292
4163
7927
7858
3219
4160
6076
5276
8027
5338
8084
6678
8359
5654
3705
9795
3151
7464
7708
6245
6943
3074
1918
1926
4467
7620
2321
4564
7184
4329
178
8778
3688
7106
2143
2167
4788
2396
8486
7748
650
5722
3572
6522
9413
7458
383
8424
3047
3844
3807
6883
2420
6547
4360
2324
7348
7843
2383
4024
3551
2978
8825
5573
2780
7034
6193
6914
9047
8945
3475
3596
7777
9720
4733
1499
134
3024
2326
3066
658
693
2947
2071
6654
6050
4550
2408
3752
2474
5855
3258
7298
6466
2612
6161
6236
5696
8387
186
1719
7638
3179
5259
4480
5155
7949
498
5536
7969
7191
9730
1947
5989
4881
3963
3009
8145
3907
365
5082
43
9866
3588
7679
7339
2752
6277
6200
6871
3637
1306
17
9871
4270
1599
1781
9852
9527
3800
1393
6412
9078
4157
7026
8624
2379
4237
1346
8338
6057
1626
7677
3132
9620
2585
1852
1424
665
4180
9272
1742
10
3338
5115
4321
4355
4474
9529
5043
9487
9823
6846
8614
2873
6621
6628
6920
5878
8266
5286
1767
5309
3353
3299
2823
8026
7884
7937
6971
4991
484
9916
5440
4567
9993
5577
5448
6571
769
545
5991
5962
9348
7801
2236
1632
2692
469
35
9542
2452
2258
7606
5706
2136
3881
3874
8735
4629
6434
5529
3360
9307
6135
7190
2386
428
8416
5845
222
425
2354
4476
6567
2521
4847
753
8689
9469
3241
9637
8692
4432
1907
3061
214
9333
1943
5366
3240
8284
8202
757
2615
7655
649
3978
503
2344
3147
2923
4365
1351
4358
2477
7173
5302
1439
8033
5695
5797
5428
8846
6122
1350
6133
7092
779
2576
8542
6177
8776
8363
6183
9518
8062
9488
5076
2325
7551
6464
8882
5760
9000
2845
4850
5236
278
1181
4019
399
409
9841
7600
5509
2139
4126
7845
3388
404
6500
3847
9001
8329
8772
1756
2760
5154
5333
6542
3390
4725
4014
2208
2555
8883
9276
7895
7472
1703
1712
794
7228
7352
4168
2173
1580
1055
9874
7997
7995
8780
6381
4846
7955
3864
7637
5195
9870
1743
7760
5298
941
2512
6321
8014
377
6907
2658
6458
6918
2129
4856
8410
3635
3842
1806
7096
6387
1502
8150
2856
5895
6152
6456
4765
8286
4849
7771
1528
8395
2939
191
5136
6022
2078
7127
2085
8375
996
37
6491
1594
6658
6092
2171
1545
8024
7519
1210
3832
4754
894
1094
7867
1675
7624
4627
8999
470
9799
8952
1175
8845
426
8419
2137
6685
3582
1260
6782
2103
7018
3790
2676
217
2237
3481
7048
1470
2791
7356
5958
1820
5601
9687
6698
3284
9092
9564
1159
2377
4808
6368
1376
4513
9893
8821
4880
7675
3775
1664
9547
1938
2986
2627
4301
2045
2782
8034
5759
3650
7718
4661
1928
5313
1710
4732
8525
1549
815
1391
786
417
6970
9802
5947
5388
1988
2761
7892
7665
3565
9907
9618
4217
5637
8493
87
3423
2448
3042
9565
9106
938
299
7561
908
4533
6313
4291
1891
4404
734
7137
5093
4049
127
6689
7285
7143
1816
6834
4827
9938
169
7097
6892
4644
5222
5349
4792
4618
1008
3575
6587
4273
2847
3435
1748
7815
2246
203
4297
7276
1587
277
638
4928
947
2514
2677
2470
5355
8715
3538
5267
9371
4148
177
8532
8887
8213
1579
2817
7168
1693
2456
4363
9166
5916
2226
5336
2701
4673
3303
1314
818
8687
4780
6904
9274
4757
456
8909
9022
2835
4720
8973
6583
3315
6749
8998
2965
797
3811
3704
1653
6997
1150
4949
1700
8000
7856
1740
2416
8022
6272
4692
8885
7998
8823
4702
4768
2445
7649
1164
2687
1103
4876
1708
3
751
7108
5143
6659
2417
4521
6298
984
3385
5508
3660
5221
2162
1065
9591
2109
2142
5527
8401
9588
770
7809
9621
2113
327
6436
1635
9222
7541
6431
5978
346
7235
998
2312
5983
2955
6300
956
3018
179
7219
5612
3394
7701
7862
9119
1684
3760
3119
5331
9117
4897
6159
5061
3515
3226
8029
8147
363
3178
2169
5373
6360
2128
8413
8815
6516
5942
5590
2594
6954
3393
9311
2084
4410
2795
8625
8914
1222
7565
4607
8063
9457
3636
1135
7797
6392
7066
942
68
7478
921
924
3892
4424
728
5868
4377
7357
3672
473
2561
2259
5499
7251
4120
1490
2196
9313
4611
4685
6986
139
9761
6820
6848
3541
6021
4785
487
9875
7359
5004
1484
6257
140
5181
5642
3860
7838
2294
8934
1902
2533
7994
78
3347
3919
7678
5447
877
6806
8817
7613
1754
4538
6305
7965
2869
9659
5761
611
8810
2006
7397
8691
8556
4571
9868
5779
1089
6919
972
885
2641
5700
1833
1605
764
4349
3341
5184
55
2708
7278
3833
4974
3252
9349
6688
795
5374
3167
500
4061
5463
9922
2932
576
2485
1111
2178
3471
247
5484
4498
2660
9432
550
569
8607
8879
2467
5924
7064
6539
3513
5750
6226
9718
7841
1774
6117
8002
6606
3225
2132
1429
5334
9714
5178
1037
8717
8093
3267
9127
9658
3624
2569
8457
982
3989
1380
2174
7553
5088
8979
6906
5688
4071
2153
4209
540
9304
2092
90
777
4845
5676
6875
5014
946
732
3051
3027
1308
2093
4843
279
1409
7829
1584
4064
3500
3170
6390
8236
9285
9240
249
4509
5343
164
6484
5864
2921
4494
7668
479
2146
4543
7138
9156
3335
1592
2908
8606
9641
4389
493
8830
3753
1637
6208
5554
3377
255
7003
8570
8072
8324
2107
5669
3021
6175
5435
7042
6565
4572
5010
7197
8878
963
7629
6941
2451
8926
1188
9261
508
144
5521
8127
567
3230
8836
8377
8880
5124
3620
6459
9366
2639
2243
1234
5453
9478
9629
7430
1810
1585
810
1477
3574
392
4393
6146
2249
9267
215
7420
8518
8803
5667
5736
1813
3453
7652
8246
4055
5492
6166
2274
6518
7721
4795
40
8181
394
3319
7774
5636
7405
2161
8855
505
1270
1468
7857
6869
3810
7926
4234
880
2530
5364
475
2439
9238
4052
9495
4691
7414
633
7766
6405
6617
515
7265
7506
3536
9
1372
792
2267
4836
2890
9626
4552
5162
7100
5996
9569
9334
4558
9142
9029
9065
8847
2742
4935
6448
1864
7425
6708
2910
3581
445
9651
2501
5150
5070
7060
6115
6501
3285
8910
9884
5807
9711
5149
2948
683
7684
4318
3492
2257
6747
4200
1694
7891
2121
4916
2395
7230
5975
6290
5496
9466
1811
7490
2918
8281
9836
1186
9576
7098
1297
7431
5175
9917
8699
5067
6450
2973
7757
9425
8949
5964
2301
9208
9524
7812
6858
8042
197
8157
509
1714
4561
4998
4100
8798
9264
6000
3235
2728
5164
3933
3519
3150
6341
6579
5635
2655
7742
6964
6839
82
8373
9397
2644
2625
1832
701
1631
8336
5639
2841
6017
8567
2572
6340
1004
6008
7735
9259
4798
2522
551
6528
212
2003
4009
2790
8572
6205
29
9700
5960
7200
4542
3491
254
1983
9851
5204
2057
5544
9780
2891
9933
7784
2224
2547
9505
298
7089
6692
6506
9953
8189
4202
8330
688
6289
4833
2140
9561
3594
8309
8482
5461
1794
2686
6787
9504
4369
9422
1997
6930
8122
1552
8207
4716
7385
3670
4758
6973
1648
4617
1080
3037
5357
4937
3943
2164
5157
9158
5832
5330
3498
4782
4026
2316
2329
5631
8680
6629
120
2697
1611
7979
8956
1240
2004
5135
5681
3687
2150
3849
3526
2709
8718
7536
7713
900
6880
4523
348
4262
6821
4657
5886
8797
7811
7075
8649
2370
9625
7481
7731
6239
3715
5111
8966
9627
5578
2906
9182
461
5859
2816
4715
83
4535
1002
3441
5102
2152
686
4898
490
5568
9083
2870
6260
3069
4459
471
5375
1106
6138
5873
7317
1669
1430
4609
4394
7604
6815
2601
4337
7630
925
9354
6376
5191
7077
6229
6074
3135
9674
3345
9400
4517
8186
9414
6446
824
286
2574
5241
5823
5482
7476
7338
6411
5777
1940
4433
4468
6304
5641
3145
7248
1311
4314
5993
9032
2097
3073
663
5310
4138
6328
2330
5628
6266
4106
1046
4117
4213
3696
3201
5316
3602
6879
719
7474
316
5069
7487
9234
5721
5571
5822
3618
5549
6707
3091
631
1920
4193
9724
2949
2230
7467
9652
8765
9710
1927
5098
7973
7810
1624
9797
7244
4196
8802
4096
8953
339
6966
5340
6395
3171
3049
6546
8980
5992
8364
6185
7511
3094
8950
9572
5125
5751
2496
6554
8430
5064
8749
3757
1836
138
9273
3239
7263
2075
6717
9931
9194
5932
8940
6109
2038
8018
4238
3960
4070
131
6968
5715
8311
3818
3026
3751
6196
6730
1972
1778
3454
2598
532
4874
4271
4809
3127
1257
5503
3911
8423
8811
7762
2671
9781
8201
1426
7822
4407
3245
2502
7380
527
2786
1140
594
1751
7778
9511
6797
7964
3685
1054
5468
8136
3866
4930
3169
5171
3111
9177
7447
644
5787
879
1561
5618
7457
6592
7454
2489
3587
4465
8466
1252
4825
2025
9062
2076
9016
4059
2609
9406
8151
5359
9472
8562
5037
5148
9417
6179
3279
5279
9793
796
8079
8461
172
8874
6620
7373
2596
7199
3425
8588
3043
4181
2654
4144
290
393
9827
8580
9557
2803
9441
7984
1554
3138
9886
3899
4496
1804
619
7877
9800
1498
3296
9028
5848
3293
3257
912
5827
8827
2815
585
6584
411
1093
306
2373
5657
6563
6746
2593
3323
2613
9167
1280
6713
2302
6888
9061
6214
5174
1642
8232
5567
2205
8214
7775
8488
6953
1666
6366
6977
7325
4748
6781
3268
5177
4264
920
8962
271
7286
8960
9556
6370
6764
5938
4653
7148
6238
8933
9373
4463
3424
7437
7239
2240
601
6408
8984
4584
7733
6796
571
7121
7277
6324
4330
1068
1075
6337
6909
8705
371
7088
5541
6573
1218
3403
2272
7813
5092
2263
4021
3813
3063
2840
1541
8065
6276
5134
2915
6069
6118
3996
1865
4288
4057
133
1557
5268
5378
4481
5905
6213
9508
32
6801
2581
4381
5664
3942
1598
1720
2392
9440
6187
6866
7568
5260
7218
7469
3223
8506
8484
5246
3857
6378
3518
7931
3887
3834
3610
715
1310
1974
4111
3792
7736
2798
8969
441
7214
9860
7508
9513
2359
8261
7719
8046
8750
6403
1604
7387
6950
884
3816
2352
7618
1591
858
1009
9691
7157
654
9775
5772
7237
431
4191
7327
4566
6184
1139
9936
614
4251
69
2347
3455
5995
1345
7153
5188
3673
3035
7008
1886
2179
3431
9365
4364
971
5262
3499
8842
4578
4565
6220
2108
2552
8240
4079
2661
8456
3466
1763
2975
8535
6940
7772
2447
6631
9002
4348
4128
8083
7697
8504
6877
1305
4801
5682
6145
1601
4016
7648
4529
5231
2964
3149
9098
3244
729
9196
2993
6195
6872
2070
1236
8536
5230
9318
7515
1869
9516
4723
8091
1286
6247
5315
6407
2487
3068
3840
3359
9310
6840
6687
8537
2410
259
291
9339
4815
8595
5086
4519
3854
8753
7921
7657
3882
4195
4963
5816
7961
5718
4622
4683
6731
8742
8326
6367
7129
9910
1814
6696
5852
4540
5931
1646
261
5875
6355
3030
1415
612
3247
6946
3945
8451
6550
2799
7938
1136
6718
6901
9245
170
7353
429
7419
4485
6326
3788
5884
9423
5060
4294
6980
4837
5849
9203
4769
820
3428
7626
1109
7491
5028
1204
9056
1819
5344
8272
5594
2717
171
7707
5110
8318
3931
7433
3383
9653
1082
1487
5127
1475
2867
6865
985
9018
9379
4794
969
9126
8913
909
7747
7567
6751
9439
4088
4660
4791
2394
2771
8857
9213
75
1316
8445
8870
4688
9619
7390
2480
9197
8702
1335
4656
6967
1829
2504
9672
2186
3340
1733
5837
9382
6715
3004
4280
8270
3613
2440
7264
6449
4608
6483
9623
5907
9551
4887
5415
5690
4397
4750
2542
4641
7061
5623
8590
2265
3991
6397
7850
4442
821
4429
3666
1753
8844
5802
7304
755
9522
8598
9421
7727
5469
161
129
7651
6371
9275
9608
1989
5841
5830
674
1792
9492
2105
185
39
2950
6702
3152
430
2350
5118
7012
13
7497
3915
9789
7400
7206
8733
59
6929
2378
6691
5371
4319
6983
5602
8828
774
3703
238
2054
1189
6154
6043
1362
916
2277
6893
9919
4283
5877
8963
9611
3401
4472
8848
9211
5495
391
1056
1166
369
7109
6119
2679
1146
1034
1560
8968
5250
2712
3331
4203
3894
7217
472
7987
8512
1019
524
182
4987
9602
9584
2073
375
2946
5358
7158
2011
5792
3759
5755
9643
9461
2031
6217
5994
9967
4527
6551
3608
1650
209
5444
7057
3965
8306
3067
3126
2529
3289
6350
4896
7716
6842
7610
5133
6769
5945
7394
4746
2468
97
9173
2020
7959
9111
5303
8790
6773
3450
8971
3806
2846
1955
3462
1387
4811
7150
4176
6090
892
3877
9838
5806
3970
9079
1652
838
5138
1179
7705
3995
4223
9905
981
8519
3700
2472
3370
2407
2769
9202
7053
5940
7279
4327
2332
5384
3797
7471
7572
5709
6963
8911
897
8358
4664
8331
7489
9287
1688
7182
9132
3763
9118
6799
242
7837
9654
7031
4041
9399
2028
9378
4972
3937
7546
9327
1476
9122
1355
1874
8365
6081
7510
5810
3706
2356
4709
8010
8868
1793
8398
5566
2600
4440
5100
7796
6537
396
6320
3646
9045
8822
8665
4859
2864
852
2723
839
3674
8258
7666
8276
9987
1916
5474
2096
5770
574
3133
5059
3589
3355
1384
6855
6925
6148
4741
1911
6653
547
4097
9668
7440
3884
451
9702
4286
402
9004
1449
7739
1837
7231
3078
7543
5918
7598
9243
8208
9254
7686
3295
3362
4143
1478
1318
1114
9708
8922
3657
5147
9068
6800
7289
6186
3451
3099
2523
3784
4076
4287
7438
8986
8023
8579
7836
8086
2878
2606
7767
5079
9798
8859
4676
5954
9739
2607
2080
4508
1842
8073
670
6006
2848
7863
19
4534
8414
9773
1802
4453
6991
3159
3058
9294
8139
6471
9881
4269
1488
5825
5866
5396
5002
6845
3940
6049
3248
1389
5129
541
6009
5228
1994
3080
1651
736
8890
552
1589
6538
4182
9863
4993
625
9447
2693
4367
8119
8347
2718
7001
2339
283
7069
3592
8436
5507
724
3301
7780
4797
1547
6514
7583
9128
1247
4492
8660
9040
9924
9514
1014
504
7152
648
4189
5117
681
743
8131
4783
5548
7806
3039
5734
954
3740
1822
1321
3631
9640
9284
9066
6123
568
4985
5035
2170
6024
7131
773
997
6945
9965
845
8011
9014
9454
2287
7049
1510
1736
220
5247
7377
136
8634
3195
3429
8550
9389
9717
4118
2497
146
9980
7159
7670
1454
3764
9303
1933
9316
583
8227
2989
5033
150
4839
9499
7828
2375
4689
2166
5163
1155
1821
1705
1824
7750
5551
5757
7023
6127
3578
3361
5089
1108
2877
3419
2371
5411
9309
4395
9082
2710
3546
9501
759
655
7043
5454
1227
2685
7907
3967
8130
1522
4860
8444
9418
7498
5528
7758
8622
6627
3785
5151
7243
2151
338
5842
9894
4648
9507
3872
8502
6723
1730
9107
5159
6465
9155
7831
5119
6853
1969
4615
3181
8731
6234
1336
5351
2882
4587
3656
9835
5342
9205
9956
8397
5625
6165
830
5684
260
20
7124
7977
4913
3298
4546
243
5854
7314
18
8656
2885
4170
7967
3407
9093
6097
1965
7996
6728
2122
3516
1636
7682
8205
2539
7104
4737
2017
1026
6454
1021
2040
7055
2346
9436
1265
6738
1859
3717
4822
9563
297
2590
4091
6377
2672
5617
8915
3976
1086
1288
1984
4810
1364
4296
1331
4324
3002
2047
8559
8354
3314
2250
173
6798
1823
3822
9782
9393
6975
3490
6502
851
7376
5108
2526
9388
8756
9735
8529
4134
6540
3379
1070
4331
8265
410
926
5839
270
3470
581
6420
1762
4320
9346
3086
2118
3695
6299
1758
4560
1012
2624
1448
8066
9882
8610
8884
1958
6640
7216
669
7073
7782
2461
8320
2218
7232
5879
2387
8472
5780
257
5517
5648
413
6608
7840
5458
987
4056
7273
1243
7985
3714
599
780
8946
7402
3556
3123
3555
3550
1854
9614
5652
2813
8709
1966
5880
827
3007
7577
6680
559
3495
58
6478
9923
9468
5062
5006
8574
5746
7122
2516
8801
2134
3477
5538
7793
5363
5950
1846
152
5563
516
1395
2977
9757
7820
9460
3707
3839
1757
814
4272
5956
5998
1828
3317
4295
1543
3879
5953
266
1061
4793
1496
2291
2159
2896
5090
1977
1122
4568
9072
2956
8641
9451
8302
1784
4405
8097
9350
8646
1527
9278
8058
2138
2187
682
5055
4606
4986
6369
9007
3396
1892
1456
8701
1315
5659
4962
3957
5513
959
6203
4112
2565
3197
2992
5032
2409
8767
1042
4787
9660
302
7916
4470
4814
9683
7455
7313
1935
1027
1018
9598
7946
3031
8124
5194
7241
4085
7369
2810
1521
4035
7580
9989
7924
4372
6618
2
8313
2756
7544
3850
9190
4161
2454
4969
2887
1677
1801
8766
8494
5294
7271
5662
8143
208
646
9486
234
3426
9343
7619
1722
3164
174
6561
3966
4932
1120
808
7640
1890
7051
1779
8080
5863
6972
5717
7759
6059
3929
9846
9410
6833
9828
1038
335
5257
9766
6345
7846
9630
3175
8688
8965
5547
7658
3725
2002
1844
7236
7818
9509
342
6611
662
6792
3263
8490
6075
3399
6134
5943
360
9736
6998
6158
6294
1893
2731
6373
2726
3779
7424
16
1289
522
8210
2591
6372
1205
1629
9734
1071
2826
4713
2082
3253
9290
7608
3597
7714
419
5445
8566
3188
3137
4276
2974
2619
2289
6261
3808
1277
6774
4912
3768
6342
1588
6809
9719
5771
7659
4409
4672
4774
1843
27
6916
6004
5677
3824
8197
6211
3664
5976
7537
9103
2739
2520
1726
9807
1421
6860
9928
850
6569
8711
9187
7556
944
7803
1304
8045
1681
2019
1738
1233
8274
7453
6706
6552
2981
2583
3994
6425
4184
250
2411
2309
957
8497
2201
2323
979
5029
9314
4265
6003
4893
8021
2260
57
9664
8356
1178
4438
4107
3841
8374
834
2715
3457
696
4832
3328
3358
2181
126
9603
3571
1414
9347
9976
6072
7957
4853
1383
9963
9885
8167
1302
4415
5042
8090
6741
1930
5999
4712
5887
4910
9424
7597
9579
8746
9974
5487
9477
7703
447
1147
3206
3261
9829
7110
6322
6110
7848
8647
7107
6828
7444
5560
1207
3742
3413
7922
6460
5385
4790
4188
6223
4054
7694
8092
1151
9207
1959
3222
355
3505
467
1197
717
6222
8088
3415
1451
6923
25
5395
2364
6452
1148
3639
5462
1889
914
9268
2083
5666
7024
2014
7507
8253
7563
744
8974
588
3038
4123
4154
4705
9694
436
3662
5360
5862
1649
101
3598
1397
1209
5811
2617
4229
8193
2645
4038
8037
886
4315
4956
2942
2825
9291
967
904
2971
3736
7090
323
1868
5944
8174
1480
6647
9727
8902
836
8530
911
9351
1872
5604
9986
1634
9256
5702
1597
9689
907
8383
7178
1329
7728
1378
3947
4122
6614
3215
7513
6131
8775
4366
6748
4515
4201
6030
9081
3220
3798
1950
8967
9822
8604
9010
7101
7783
1716
7956
8223
7361
8212
4734
8188
4458
7201
9964
3484
308
1010
9686
6332
1831
7879
4278
3908
2738
8334
4093
1578
5437
7586
746
9523
9219
4636
8301
8877
7065
9941
160
8361
7205
9728
2172
3767
6444
8755
3427
6457
3859
6011
5490
3372
1143
2818
2781
3701
8869
5131
8440
9844
2699
7399
7332
7609
8391
207
4651
1353
788
6847
9737
9903
121
1849
6309
3100
1953
749
3934
8140
329
4207
1050
3553
1402
1515
6525
364
3168
2785
6684
9716
3259
9939
4764
2286
4487
5431
4336
448
5606
1518
2494
4696
9442
4261
8299
8165
4721
8758
3557
3570
8728
9945
704
1165
2622
5485
1673
5506
5955
5740
9639
9355
4427
4341
1786
6675
7873
1440
8061
1696
5426
4976
930
9612
7947
8327
5433
6873
7692
5846
2751
4426
5912
9648
3183
6709
1973
785
5532
1855
2254
1805
5122
2836
8576
8141
7329
7612
4900
288
1882
1386
4541
4185
9159
4089
1035
7512
8105
3883
3534
9548
349
3128
6759
7349
3861
543
157
9853
6778
9476
4556
8577
6358
1525
3213
1433
9794
4048
9540
5754
6814
7404
204
3576
4971
7403
4984
423
4000
3568
9575
1851
4510
3831
7615
2401
4766
8407
5071
2266
5526
986
7128
4773
5828
7753
1141
3982
1154
8759
8601
8700
8322
9019
4775
3141
883
9377
330
3090
888
5012
6794
4669
6897
4747
6100
6410
1894
3103
5613
9174
8585
2033
3408
7540
8985
3277
2384
8896
6311
6423
6216
8849
9489
565
9175
8690
1532
2299
4786
8089
2037
9545
7914
1582
8907
6622
723
1016
118
5653
285
5104
3987
2027
8241
380
9458
4051
2056
4218
8843
4903
1388
7554
3793
3143
7120
2721
6758
8724
9517
7254
1999
9452
325
1577
9136
3480
7072
1755
3708
8813
1341
9534
9704
7885
4351
7340
1267
5464
2305
7484
7662
3199
2061
5422
5466
1957
4730
8350
3040
1224
8319
2471
8474
7814
3689
7641
5283
1116
2429
1462
580
2608
3671
5610
5242
9193
8856
3194
7953
9582
2095
5203
3530
3346
137
928
38
6363
3710
1373
2988
6033
1919
4637
7503
9145
6284
8468
109
6560
1069
5383
5701
8569
953
4677
8015
8039
7258
8446
3924
3851
4516
8114
9139
1180
2938
4925
6761
6639
8764
6978
2649
9244
4679
6
6437
6719
7667
9100
3381
3762
1906
8863
7954
2933
3116
9217
4461
240
1526
9235
9571
7346
401
7473
9168
7542
4228
3460
4727
4554
4172
7196
9896
5986
3545
590
9531
8425
6034
5804
3744
3981
7860
9412
7445
9902
2225
8001
2968
3566
578
4530
7531
856
6386
3754
3378
1073
940
4762
6619
1408
3935
3667
8172
4211
8170
5898
6786
4573
733
4813
7415
9176
6285
2621
6330
2916
2909
2163
1800
4929
549
6108
833
1749
988
863
8514
4412
6517
1686
5096
1683
2680
4431
6682
7645
974
8954
2892
933
9265
2510
2340
9533
7835
8820
9834
6018
3809
4601
592
9693
9405
4204
5985
9380
8752
7549
1877
5687
7133
6831
8491
8959
8565
7283
1287
798
5661
2427
8720
331
4345
418
6902
4739
5005
9635
6399
6292
1702
6811
3968
6543
2706
2192
4551
9283
939
1640
575
7779
7986
1347
1896
8198
9678
9574
2428
6071
2763
7730
9049
2839
5432
8183
8470
333
7868
439
7865
4417
2052
66
7832
267
3060
1123
1000
771
4346
4586
5518
5607
5542
1536
317
841
6808
1698
8366
3229
667
3292
5121
6942
6503
8524
2491
8234
1436
9249
6116
1627
9210
4959
9926
6190
7520
1
847
6047
5800
4537
9825
328
4652
4001
4680
3318
7993
7918
7028
246
7002
3131
922
1791
2632
2231
2571
7174
4439
6201
2866
9915
1975
4755
8216
8352
9543
6568
8442
1772
6927
4130
5018
989
3747
6604
7941
1662
5856
6793
7299
5765
2220
2338
9385
5919
6733
1939
2796
664
1115
73
3075
7706
8948
2747
2239
289
8682
1049
9592
2668
5504
5097
3172
9554
9663
4662
958
787
6523
3076
5624
705
992
8308
9281
6824
1695
4544
30
4371
6141
3669
6082
5980
6163
7557
2863
5436
1509
8748
4020
2647
2834
2970
4634
4028
4263
9214
8346
8381
5272
2745
7005
1630
7887
2558
9613
8626
3644
9568
2398
1866
8367
3980
4473
3749
1531
3869
6772
6327
491
6168
4022
8295
9408
5205
6170
1382
7555
4243
7622
3573
9558
7360
1276
4385
408
9221
6566
8860
3209
478
8339
7671
458
7819
6086
5399
5674
2702
9147
4092
4464
6816
1334
8523
5640
3560
5716
7292
6040
4277
6697
5023
6740
3533
5251
8774
5475
350
9099
9480
5077
1608
3973
5732
1633
6507
3962
6591
4302
9395
2797
623
5214
2149
9255
6303
7864
721
8307
3437
6722
2053
3912
8155
9361
1401
2982
1492
3720
1768
8852
2889
2464
2252
7311
8298
9401
6805
340
9188
9204
645
5671
6504
1770
5497
397
6481
4452
7260
730
7944
9462
8129
6959
7288
6555
7672
5616
71
4536
999
4477
9671
8389
4169
1903
7687
2001
600
8458
1542
9130
5974
1007
5290
8637
4778
7888
7485
6736
703
7951
7582
1190
276
1246
8462
3511
9288
3139
5101
3232
1665
2732
414
4386
3106
1625
9228
1641
5892
7886
4828
7538
5493
352
6462
1472
1645
6598
9747
8793
5840
2253
756
398
6204
5481
4165
9437
7781
6771
6364
7441
3502
4224
6333
4067
2209
564
48
7308
343
3925
5550
8290
1379
7334
6188
4858
7702
2198
8067
9192
7552
7443
7509
6651
6956
4012
5019
1909
1390
3668
6498
5483
4357
1674
8110
1929
9353
9247
7039
5465
1191
9590
3494
3096
2886
7673
8121
3122
3330
7068
6129
5694
3653
4614
1441
9899
1638
2626
7009
9236
7070
8271
2500
4864
2465
4924
7976
9607
4390
2951
4704
4466
8104
687
7717
3012
28
5158
5424
1501
6489
3208
799
5368
8904
7599
6594
7365
4046
7017
7004
5626
4282
4149
1216
88
3200
3893
4625
6348
8819
8669
5137
4139
4344
6219
7950
12
6121
6286
