2195
48813
12145
16288
28717
11688
35666
11425
15652
9929
18201
15805
9243
23400
23394
33157
44266
3263
48164
5356
38815
4428
24697
25732
39199
36254
41334
2709
1953
26930
45154
4147
25743
7299
36786
4459
18986
22451
15884
34637
32380
436
442
7974
23835
40187
41130
18100
43450
5645
39807
48616
26425
30855
40700
15623
17108
32033
18331
19060
8962
13485
39558
1056
37135
26344
5515
6120
15146
37750
40757
13877
38185
7550
21851
28371
14088
29332
46470
7537
1329
2628
22505
27753
33483
13204
9727
590
11588
28057
36002
36901
7893
41911
37957
11379
34606
9823
17499
49752
47572
24607
13628
2108
32156
1830
30478
12595
47514
43299
20132
48842
45926
8988
42946
45760
38543
2672
12702
16482
47080
48703
3382
21325
6965
7690
32703
41571
33864
201
41322
47787
24807
21301
49894
23314
39483
30371
35909
3348
40021
22392
18541
2299
47731
11486
48058
36273
14157
10759
2754
27588
25813
22487
48912
32778
46529
31615
24348
30392
31815
32021
44531
22974
19673
44424
12639
25507
41147
48547
45206
47519
37290
13746
49817
35020
41583
47875
37644
5739
8633
40397
33327
798
29236
48590
33575
42116
30204
24274
38859
28371
6294
33389
1344
42318
27813
13982
34177
35311
28881
29382
32829
32522
43128
32646
33894
34710
46872
21537
6801
21856
28286
6479
22653
7521
5068
22579
49636
1624
46852
38494
29994
19497
38235
47689
28167
32399
28022
12343
17709
6902
41724
16889
5776
34851
15886
39669
35913
12757
11205
42713
34613
5842
15543
23617
13362
36962
46196
29349
38585
43047
34195
18578
28896
22429
16266
7062
4827
44288
19404
38887
17541
11127
5775
23316
12330
38013
29336
48242
769
6893
7306
1733
12734
39200
25350
42448
26161
21545
21796
14746
30943
22342
49675
9838
44770
15941
16899
15948
26580
2654
21186
10472
13781
26961
140
26110
31325
29475
40703
48445
36367
48008
178
49101
3559
41879
41548
29719
29775
29695
10816
10717
2037
10491
36907
13158
42783
20157
45458
19362
22811
16643
29833
2943
9955
29972
29052
41279
25799
36106
39724
28517
465
39901
43969
4023
48131
1868
33741
27905
31563
44557
4973
49951
21399
41879
29460
14181
28388
24917
33542
17550
41560
29726
20492
1514
26050
15895
42793
18200
2000
32516
46716
2464
38768
40685
6486
36898
42552
6578
31154
40466
17486
36126
40416
38884
44357
19876
3064
39096
44792
2957
6645
2703
32683
27136
4217
25084
43030
47009
43283
45029
45876
39998
13844
995
47034
36681
4244
39586
43258
35397
46403
10744
37874
3171
15979
32230
23046
19043
21325
34189
21999
27969
36892
21033
21456
7460
46116
30837
4468
5750
42217
16695
45748
6060
34041
9133
42740
38284
48718
2350
23680
11473
29445
27905
14643
45423
10135
4040
30817
47811
4580
19168
42132
7823
40200
13587
15282
2668
44424
36101
8417
2992
19147
20516
9052
3187
29649
18143
41470
44718
20492
31501
6190
16288
9406
37184
11711
35892
41223
42527
33702
45803
28046
25833
3625
18246
5772
35259
37265
16547
21359
12033
19538
40506
32549
44941
43692
28549
13084
1514
39618
49927
33014
12160
16215
8771
49343
27925
44662
6918
36803
44716
2720
31201
36900
22696
49446
42671
24306
3062
25569
45665
15094
45107
2522
13994
40047
12565
8894
19482
14078
48512
19409
13444
10671
35623
38566
26365
29899
49580
33282
33053
44295
2353
14253
47546
41401
30050
40217
15706
49463
32137
27722
14557
43595
30243
44902
33642
9160
3796
19475
39589
2307
5235
3032
29329
40857
7950
5693
37107
7529
38975
36512
1823
41327
17116
49368
49079
13518
5936
14785
12980
4425
42506
43888
48019
39101
38790
48012
48260
8937
17487
37848
27595
22721
7232
6923
29930
15181
28967
33388
22709
17941
19899
40883
25620
3367
6602
24698
16884
28890
5834
46215
33314
48340
40103
47684
3792
45244
45696
2051
20532
13182
6250
48126
2254
29833
21400
32183
11365
366
15571
34073
34659
1821
41307
26630
5187
14261
17679
38422
9502
23513
34637
9167
38204
41091
6850
41995
36334
2545
10397
6865
32078
32998
21342
34332
12831
42741
16514
24195
43106
48436
24620
44116
257
32278
20745
21795
12890
38424
10217
22391
11936
11205
47909
139
2295
21111
42133
4980
40007
18881
28196
22085
1878
49537
6416
14708
42277
39281
5255
1734
4069
29874
45850
20677
12151
16594
42471
41393
5017
19039
30135
33304
46595
28044
33442
48889
15506
41926
20220
5512
27158
48415
27596
29036
14303
363
10095
22931
5996
15349
24665
10064
45222
36866
30740
23725
19811
39562
31469
41180
24953
11603
24483
21547
5998
24277
36788
21503
32554
23359
27015
9712
21774
20962
38747
36076
21325
48841
25359
27320
30542
23
3735
25763
3240
34474
15839
23050
40387
47307
14229
15339
25262
5064
3238
31259
45692
6377
2762
28245
29735
29776
37956
17860
737
43054
20288
38413
8247
45646
32084
38788
12020
35818
30902
15259
20291
13093
4660
27030
10399
35241
8720
35660
40304
11957
33271
35995
34685
36032
30591
14420
32159
34899
32279
49247
27952
18918
37660
2550
14563
19743
41337
26582
5561
22239
8192
42203
1683
12852
19232
12081
48092
27952
14093
4747
6260
47363
7093
40945
49746
37683
21716
31904
22581
20346
31150
16885
39264
35161
19434
20178
4904
10771
46760
10464
49361
21303
19018
1043
506
4602
29475
14949
48905
9919
19695
5164
23633
26787
12460
23378
30822
34175
21633
3402
4521
2783
20286
10136
37943
39720
30313
9198
16842
43424
36013
32554
14727
5031
49948
31584
9632
45774
46533
8536
5693
16227
30051
45677
9366
42511
35407
40187
43037
7039
9940
13909
26173
30226
24044
30468
36297
4357
39665
19490
14132
25678
2043
45210
47060
18342
26794
23043
14115
23326
47930
36159
39552
27980
31836
15269
36842
17242
5455
46231
24280
15395
10139
16805
11972
535
47272
48268
21243
3288
34109
35374
45317
2503
30584
42376
20844
7377
31770
34958
30702
29699
37469
36605
24031
19304
1874
27224
2897
23680
39806
43528
5426
49945
10332
17397
16831
23955
32016
38073
27243
16124
39798
22559
18626
36733
31287
5821
10461
13056
7131
7514
9107
44599
44119
49489
13902
12344
26712
33150
2375
16518
26677
7801
32814
37009
41549
15996
10963
39917
20420
4557
22392
10217
27116
7370
46950
24754
13190
7410
4161
20320
14924
13267
14918
25394
12755
45171
4089
5819
44672
6463
38688
21349
30615
37853
24709
38516
3848
2023
28432
24267
6580
17175
835
47
24544
14136
24800
4086
37898
28960
24405
2821
8579
5675
44566
21333
17197
15006
43503
11869
37820
48542
49569
18435
36394
24277
23302
6593
26299
18085
47211
32878
35259
48046
49276
26155
12181
24075
30240
78
19387
20996
19250
27965
43022
30167
15649
10219
45172
25504
38439
32992
24045
38007
17778
26791
28635
7431
33383
4933
25515
30594
4163
10773
44991
3438
36927
23523
43865
33518
39953
13251
4514
25554
41215
47535
5721
23215
24105
17244
48718
28895
235
22763
16901
34364
49553
45535
41794
49287
16820
33660
46232
20982
44433
7574
40771
47711
31097
34635
47581
21049
14237
2094
46602
5451
15980
18674
45018
6437
35918
43735
35331
2504
32849
18584
3220
48753
30470
45013
14392
47289
28673
10623
34622
39457
18197
25393
3519
15645
26379
17451
3045
40616
35896
15998
12418
1876
34672
7435
8312
20589
17522
43642
39444
16722
28577
42663
15475
9047
4028
46218
6335
49052
6840
7309
4860
41388
32701
24730
23384
9079
42181
26428
16046
28076
42426
28464
29951
43449
2250
4614
30389
19771
14608
19832
36493
43184
12495
18319
2230
32874
14536
24917
31925
37727
32225
36784
45467
31277
11513
18850
6707
3693
11630
22753
31769
4055
1216
28071
47503
3465
49037
27891
39588
13644
14074
42432
23179
42920
10750
25409
25793
41637
16677
7717
45715
48901
44500
41181
30177
22365
26383
36883
26057
38012
9635
24177
8418
27202
18600
22272
47019
17636
16514
36606
31279
30587
29037
4457
23507
6138
46217
49299
14126
12893
23368
9840
28145
17867
17373
8321
40231
10107
11556
32640
48118
37542
6816
22887
14744
41767
45158
28114
9402
28023
14719
7032
8609
10107
11489
48467
32596
24057
14118
46721
3302
37485
22912
31446
21703
6636
39767
28286
16742
17674
10925
31211
5215
34092
4097
36310
25859
15606
14423
1612
43628
45493
8644
18589
5599
36484
33407
4546
10540
47524
17618
13841
1360
40530
11639
23063
47165
1405
1348
30259
19078
28624
11469
40644
29067
15566
26954
21277
31171
41376
22889
41151
36869
31532
9739
8819
34367
9497
29717
44906
7021
47334
25099
24732
4215
36737
47794
17732
4493
15493
47990
39922
10468
9458
30565
39535
41375
23870
10811
38898
15246
33699
30048
18466
31582
6138
43636
15948
15634
23352
27206
39006
20686
18656
13738
24900
21744
27883
42631
42588
43376
40620
48861
3843
16430
45777
9729
7804
19647
20540
46701
1244
20590
43100
19709
18524
49237
29696
34471
31223
3048
28028
20228
23733
46683
33965
14984
34778
28200
23967
27365
21575
14586
26225
41769
47367
22002
1498
5171
41648
38389
18223
9243
8978
11323
28951
27501
10559
24998
28324
41781
28045
6351
28361
18129
19386
28677
49465
4163
6876
23431
31528
44802
4368
24104
36571
1735
46105
4420
23257
4104
42808
41479
13346
18137
2801
8648
11990
29712
33646
40313
37844
11690
13015
16204
46171
32400
11233
45635
36563
18108
19065
34442
12910
39784
8545
49480
41518
21002
20251
14774
25105
13058
22605
38451
31194
41757
13450
43183
21468
47095
49847
9312
25137
12862
41867
21307
11613
3099
33293
14527
37559
18709
15320
468
8492
23865
16299
16362
11218
36549
31135
36322
15958
20091
41124
47151
11848
4574
6686
33315
18020
22884
8978
43156
2097
17197
30814
13710
36647
14106
44588
24205
32814
9908
24672
7658
124
7322
24019
11341
10222
21505
47662
26179
41596
5138
39682
19795
26063
12719
19461
44082
35602
28439
37238
4051
11987
34403
34112
48633
48509
28699
22838
47674
4958
13861
5331
5081
37535
45701
16421
47756
17206
30435
23935
25153
1924
29968
44947
27986
42686
14407
22067
44639
9197
25656
48689
21183
10059
49152
36168
8567
27851
9005
22592
32808
39217
44275
4241
26751
39975
37013
24507
23532
17447
14793
48684
35722
11112
43630
13707
3797
8037
35774
14787
33585
27781
29828
4768
37839
28979
40935
12757
23181
16291
35349
22341
5507
45975
26581
48610
2301
29945
39468
25833
13744
20612
24516
49465
31723
34498
13172
1871
8886
15297
16657
42470
43077
12836
13589
47268
8167
20875
10024
31347
3517
11724
20039
25376
7698
12971
23985
9999
42916
13452
35831
6659
34063
26698
22475
32137
11195
1998
34007
36432
33646
17015
28902
26723
29851
8842
40342
4369
46069
365
2067
49585
12089
22106
24960
19786
1428
48944
46136
44343
28747
31966
17353
29161
25016
6180
11297
2562
8177
11655
38994
41823
28670
34247
34897
24872
9440
25238
29240
5508
25602
31306
5093
4042
19763
30052
40180
21191
45348
36315
31885
24094
34633
15590
19607
9648
21769
47255
28561
29945
8910
17554
21767
3931
18152
6663
28802
27592
48252
24393
33099
40206
22050
4543
44247
41813
34595
34426
13003
46294
20741
11239
36739
5373
26828
6345
31372
48596
3600
9932
44893
28861
43838
16659
32791
11989
39674
11592
39580
4277
2336
39031
44482
24385
43573
38729
16197
44519
23154
45551
40812
10246
6790
27551
15618
49969
247
13341
48565
3846
23273
43457
49058
17110
26467
31848
45450
32492
9791
1382
36769
12126
40412
31250
36511
336
36330
19059
44855
9484
14610
2018
36081
37751
29568
18051
4071
29815
31391
2635
12
21015
12443
49070
38124
5262
47269
49926
37753
7060
1307
40873
19185
41718
22123
22047
8405
8452
7458
19611
34287
38419
21629
36720
26169
17548
4770
30239
13714
2512
49226
30078
23527
28020
45499
28002
33281
42767
27927
37386
49826
29233
28258
35363
37302
16732
23761
45707
41536
31218
15317
25822
19636
3297
28893
12156
20845
33662
8747
910
36174
24324
30987
26052
2343
26485
4053
1976
19252
31980
39361
35429
27564
17618
37143
14866
34350
10904
10572
25885
42121
42240
18058
28109
45537
46951
6616
32733
46964
15362
33642
49489
39685
30981
25540
8380
7465
45945
10355
43068
44276
49715
28497
21839
33684
15639
3056
18033
42894
29979
10269
1367
22219
28327
29475
34107
41629
2442
16839
38592
17804
16832
4433
23840
47812
29972
48571
21629
42268
8925
14696
36543
24991
9544
24734
8675
41535
27789
43059
34428
7768
3328
35794
46338
31654
31620
30444
23282
34062
13634
28225
18217
46817
32657
42056
44629
28981
6979
32609
21248
15903
47304
24143
7246
6848
48876
32272
48382
43016
25330
49161
17135
28657
34955
13472
26662
32926
10267
16295
16987
40252
10872
1555
37069
43528
43611
48049
38860
16941
30657
10108
32843
27960
602
6440
1159
49477
38711
15892
8844
14041
15053
25979
9049
16359
39450
2063
49284
49717
18357
32623
39968
29228
34177
43388
39108
44139
41436
27967
11079
22092
4426
10274
16404
5027
16713
17562
20855
21776
49806
29699
2168
14858
5677
11216
47568
11478
29630
46851
27546
14339
45825
33866
9918
30002
27253
49025
24140
35041
43344
1571
7132
14121
11844
39887
19148
44908
23801
6354
16683
23606
2404
18850
4815
24432
46418
18734
35910
42399
15584
29807
6737
27761
13672
16655
7762
7277
32031
48253
42317
41726
16175
15800
5847
28018
5687
41346
39278
45839
47699
5960
35796
103
41162
40610
24534
3931
9343
26795
46329
41278
6602
3066
35390
20273
36072
43151
43901
34454
7756
36217
26180
23930
18369
32026
18300
40407
23371
7577
36245
21069
29888
22040
37523
21049
29001
12057
41331
4695
38851
37660
12324
11804
7077
47714
32077
9500
7216
25977
43953
14971
28546
20132
5253
46914
2157
39904
37320
41879
47480
39916
29300
27367
11955
16822
14768
7307
45230
22450
12001
433
10109
24324
12236
33537
22037
44312
43036
29253
36641
36989
10575
31538
7120
32179
44803
25629
22082
48474
17507
19561
38389
13158
13280
16695
29980
44399
24001
25209
16848
2353
25641
43309
26676
4229
26845
15065
48540
36233
44317
1532
23221
21243
49421
46692
3422
44223
38672
25503
42696
22531
11416
31084
35688
41047
14130
15667
35445
38130
7228
18644
40482
49220
11952
33510
3448
5149
48574
18340
41381
9242
36223
30953
46836
35644
43996
257
29866
32668
42112
22562
5198
19879
19997
7237
10925
34127
39256
12721
22256
46483
31364
29090
45702
9668
28951
15502
31168
27524
33841
38900
3117
20063
19852
49952
5706
13847
209
1924
12866
8672
24485
34415
28550
44481
41652
39474
44959
30907
18546
33567
27389
16261
12656
39442
42280
7958
4943
23447
35481
5135
12346
38597
41550
48549
4900
47255
12396
21460
49178
41613
30131
40014
26028
8680
847
17679
14505
45805
14937
49402
29371
42325
15663
8378
48118
7942
16335
19413
31389
18167
40899
10086
23115
32448
8635
28015
29703
37382
49474
45232
28994
29605
1598
21373
4636
2444
39051
35493
14600
20339
34894
10323
29015
556
18700
27133
24850
1387
12897
6238
35905
3795
32675
9020
36243
41309
3386
32297
45042
2859
43880
40388
48815
45477
11760
19803
14272
17163
5295
45224
37501
6540
5546
16516
23448
40597
43648
48297
8335
22896
20886
44240
26690
3560
19611
12932
11221
22996
11580
6262
25854
5460
46649
41021
17288
8409
10823
31560
41923
32469
43135
29423
39008
48680
45938
12455
5628
5937
10751
13963
28832
47988
24554
5522
1548
44164
34805
29120
17159
46385
35381
9364
18196
48382
384
35483
23142
11206
33394
15064
43674
26528
44486
49034
41559
6776
11488
47187
12712
38591
27501
41544
36578
2054
13417
4477
12569
48221
33596
29727
10957
35329
39090
29152
33710
5826
14635
23203
17031
48028
38266
27057
24556
49103
42442
32466
5878
3929
29652
18590
8871
23504
26485
11801
41909
39901
16277
4477
4473
16225
555
15430
1553
39645
10933
1614
45470
25567
24816
28852
39947
29433
22260
30854
44887
14701
13319
765
34982
9323
35706
10204
32826
28542
22004
24735
18442
38281
45563
39266
4505
46118
21047
22409
2114
31980
24022
47583
23898
15189
42786
13844
44621
31398
11049
39507
12450
24368
6623
47431
42
8680
7635
32867
37221
29638
23953
22014
34270
19516
11280
5126
15633
48678
27534
17746
30657
17907
31680
4555
33095
40817
34750
44067
22214
45799
49926
1016
36518
22900
48446
36559
31580
22432
35777
35152
18422
9730
23518
19043
29245
34797
24169
11229
49826
18054
45326
30483
35961
27005
1389
35407
34173
36138
45826
22739
48288
12103
23754
1157
35002
38551
4067
32933
10983
39844
34437
45756
49573
7954
14798
45169
9102
38966
22749
8927
23372
18074
39409
25684
11430
7149
11090
45602
9639
23267
18340
7926
35369
8445
25435
20371
46996
29501
19655
24330
19344
4091
20085
35268
12044
34882
46788
21145
40200
19536
46424
13571
37609
35832
39254
15390
42981
16695
10992
2619
39962
45683
26896
25330
4128
2330
12052
17475
48183
31707
41804
17526
2149
11888
2794
14193
46769
49581
1689
36968
35469
48112
16890
23077
296
6143
4819
9628
22838
15810
28598
12799
27844
21845
4480
48323
40527
16532
15797
38709
14590
7600
22586
16738
35839
25379
47282
48960
41312
15323
2279
43132
29786
19169
32560
30081
25311
37378
6060
48148
3187
1009
27298
47383
22854
31778
45705
13380
14661
27854
18440
29250
1805
41025
12339
37644
32756
9621
2955
40419
41295
5233
33550
21080
24401
16109
1161
16064
3487
23572
30563
23025
24581
7861
20407
47434
5990
32464
27165
20650
10317
45604
16251
28473
36628
28589
16116
35735
4561
35422
26153
45855
40655
9702
16935
31407
25811
34447
47470
45649
8018
44385
18673
48950
2245
5432
46383
24586
4247
39899
11587
30915
1854
27837
9387
4834
22777
41855
40568
27338
27276
16721
39544
17930
26422
6478
15689
18584
7276
29510
14232
15294
23894
49257
30595
42490
21040
43330
17075
25286
33228
28661
6200
35082
22849
31938
39915
45626
23792
46834
39315
1068
13554
28858
35349
6328
35336
1037
24911
8963
46899
5495
24256
20792
4751
21203
13282
42142
14532
46708
17427
47759
25369
39978
49192
14569
21915
5458
10194
45707
2292
49508
13126
32197
44718
48474
38524
46405
15863
13435
5367
12761
35281
45975
49904
40031
17177
13185
32172
31708
26245
15950
45818
17965
5927
45010
32533
44193
467
9079
39899
19110
24938
19376
1307
19655
34202
39830
16059
64
19616
21426
29176
4896
33752
45431
11278
928
8616
9801
32635
1212
42102
44804
19176
48028
39813
1708
8573
6632
10786
48471
42093
35724
34199
43399
5378
18400
49581
37789
34815
35548
25566
30342
40444
9317
25772
18073
10244
739
44226
9230
1950
36327
4033
21125
707
10198
22833
9279
16829
33618
7749
8921
35693
8299
18672
7423
26698
34604
45211
11512
20151
20776
41853
26946
46444
17625
45019
23039
18363
39244
48620
20313
41922
19004
7789
42628
29201
30621
1906
12381
30591
26007
37654
16283
34305
22677
40057
11003
7280
35267
22514
27430
22394
14367
4376
35189
48343
15746
8227
33057
21341
6846
3369
13262
25850
27510
5890
21402
8130
7795
33783
5072
33801
37788
21355
34458
10464
27763
45460
34095
13030
34325
11524
1775
15043
32251
36964
13385
47996
45190
46442
35688
18388
16162
48950
10589
43671
21191
31990
18153
45337
32124
23224
45490
36263
10930
29947
13078
38693
25406
47172
18074
9730
25048
19848
24773
7298
23163
4509
21646
34705
17302
7333
3092
33464
22634
30032
43486
10176
12021
11638
21865
10497
34862
17354
46759
12143
13652
9837
835
5409
7008
18908
31490
32055
5108
22614
5705
28270
27123
27350
29326
44424
1034
48769
44239
40020
28800
4077
195
7173
15714
22059
17669
16927
5764
14427
29070
19415
40615
46256
24823
47623
31516
6313
46029
36623
28926
1733
31244
22400
45434
10570
33176
12820
25690
27414
2839
4490
31490
19385
11662
13556
7796
45682
46834
29911
10108
42255
49326
723
38511
40500
14697
20026
13164
27077
23000
8442
45162
4243
47193
6947
31164
30368
19766
6854
24134
38956
27695
21975
24693
5708
35530
32488
1389
48716
12398
11496
40970
28075
28570
45832
34927
9618
15857
48090
3047
5208
22883
48208
25803
20076
21506
6966
443
41272
30171
24576
46579
7865
46551
21271
29924
48432
3758
31312
47147
32508
9160
38117
26934
4081
33948
11860
30051
16157
26302
33097
37716
49184
47656
13518
19259
19161
36836
19702
26784
17006
10629
23363
41223
23531
44633
21146
21963
14743
2458
19109
47250
27969
23577
40535
32049
23877
2395
12099
6385
28696
11547
44100
44231
9202
7618
13490
44715
44453
49543
21498
27810
10171
11212
19032
33702
5845
6530
22016
36939
25339
41124
540
3307
31053
41074
1707
4929
9820
13806
11313
38515
41704
21764
32746
906
45733
12587
45620
40185
12129
33469
34347
38651
44681
3378
38704
16877
26259
10719
3815
1597
18195
20706
21255
49247
11779
22962
20527
21599
3119
48191
26465
44822
19954
25562
12079
32039
38148
24050
22223
16628
7519
22921
5279
18551
26299
10334
1779
18909
37405
21945
36858
5599
42650
8112
21197
20780
47425
8075
8730
543
6265
35195
11717
42570
27108
23795
24608
15256
47845
13183
48235
21715
36103
19865
6617
28753
30199
24747
47662
17603
46691
34519
39553
5692
8982
10749
26471
6407
35175
35201
23301
41439
36747
35017
360
13854
8812
24968
45461
23008
38150
43696
11074
40604
13560
34042
19357
10110
8788
33370
44064
5478
34240
33616
27521
43221
10716
3991
15979
45890
5543
39280
3680
42289
24296
4040
6143
49459
29007
1603
38818
33508
11650
49891
40463
25210
33932
9819
1671
42719
9540
45735
14548
43779
45702
42068
3352
22770
12411
35682
18659
17953
24961
22339
10242
15609
42730
32736
15067
21736
690
20237
21595
12340
36479
12057
3901
20411
38228
5571
29481
14119
17657
10381
24250
29711
18800
27601
2480
31210
13282
21138
15515
4595
9828
42108
20203
2557
24843
1621
40644
41884
21857
12238
4223
8336
40647
24475
45098
45226
46398
40930
9344
30406
1310
33593
10116
36462
27545
12595
34023
7179
33733
49537
11773
9912
41644
31975
12469
32838
49947
19464
24722
21804
48054
45296
46491
38700
19771
41588
277
32520
48869
9620
12925
16531
43213
23041
2992
20757
35635
37014
44287
19367
36551
6059
45631
44546
4385
8099
27384
4332
43914
2105
42487
41967
13752
38977
47018
33522
46916
47294
16041
12136
6914
28966
28666
16478
2006
31657
3586
3992
35023
47873
39711
37925
3931
35341
32470
24668
9791
9853
28999
3704
28309
37837
45671
42061
43165
42688
41934
40080
39982
24327
2215
13247
19644
47233
29724
38001
45241
33309
41992
30263
47533
31702
34539
1464
17042
17009
42483
26832
43213
21481
30536
37874
9317
42558
29934
2481
1597
38219
8912
41578
12545
27478
21176
48540
24710
17251
36540
36303
16912
44884
16565
14444
26585
1104
32259
9979
34464
24741
3162
27676
46221
33697
15549
21889
42606
11834
40721
44203
16405
15984
2132
45301
9814
23308
43841
875
40558
46732
37177
7469
41615
20094
38265
18200
21197
20523
44530
22012
45264
47691
16039
7836
47740
47940
46077
40345
9773
3149
34547
42529
19133
3031
37830
28946
26338
31670
29820
33247
28401
33349
7068
20016
3442
45332
4567
40990
15854
49096
13001
11117
13138
29039
35305
10877
26978
31381
1222
3103
34529
2120
45631
20013
21502
49812
15310
47839
31481
11482
47438
26234
44830
4505
12601
48271
49836
33519
5612
32041
48966
18612
9510
12103
14002
44814
22980
7332
42546
40553
26786
43426
9024
22416
29791
30526
22228
45100
44716
20060
6581
42153
12645
17762
13009
41597
16032
29196
25115
37995
11237
24080
6606
20746
2535
36960
31911
25514
10643
24456
32418
37428
34233
41441
26195
14023
38318
14774
9123
33034
1186
32055
41538
13830
49817
4547
5427
32200
33742
46893
20195
44978
20973
43152
32075
39859
30111
13985
15372
40753
4792
14141
44532
39025
5581
20727
3047
10251
35500
28521
43284
3037
10576
34821
16867
10392
5719
38645
42591
5813
35537
29137
17142
22861
22289
49217
12719
18751
13201
44442
25856
34345
8582
20387
23369
30515
7465
26415
40765
9317
4936
400
12353
31863
1572
29219
42254
7291
34215
1196
13103
19752
30333
30244
8964
18973
45812
21683
37723
25365
32476
13578
9709
7410
317
33077
4276
7781
25843
11392
17097
47130
11791
45802
28992
13362
41372
37597
37004
25587
5145
16458
45338
1829
13054
4301
20801
8865
42335
8523
34229
41163
38453
43937
48572
5121
43365
2847
29253
19208
14238
46350
32689
42380
8503
28033
22093
49874
15629
9097
25460
20773
41906
37149
22601
4959
7802
9753
13824
136
34628
48052
41298
23080
8341
6221
44552
1705
9067
23804
37264
39656
36505
19953
48387
45007
14337
20480
44881
29965
45928
20340
17090
37833
23841
6042
42792
31642
32147
22967
48129
16774
37370
5779
6205
45710
11999
756
13767
37418
24559
1030
43425
11064
37334
41812
6070
1670
12291
17302
47987
24570
3994
31428
12402
27834
3821
21545
9475
35967
10863
23955
2740
48233
29733
8944
10294
41732
26051
24060
45501
610
41442
38925
28025
45127
30736
446
46797
9378
17748
11135
299
38093
42562
29053
15926
12734
597
41752
48701
27812
15706
17792
42396
45439
43088
2689
3522
19138
43101
49022
36099
34542
4298
14123
29668
1386
14569
42816
27115
48668
20302
27414
36760
12863
6466
19037
41949
23414
10788
7001
1225
42845
24792
43620
4635
34231
12661
8156
3369
5761
23529
5819
6654
44179
19942
2673
45564
862
45489
22678
15881
15790
16443
2640
45005
22908
38028
3305
12674
15167
10305
13898
8011
35096
23870
12646
19327
2882
37153
39047
8642
27034
44865
31647
21212
31158
34319
16775
32019
46159
5804
47899
28301
22247
16890
23305
11506
4917
26609
24179
20083
3265
4429
44446
38360
44650
7091
24038
47531
10595
13084
22524
37628
24301
4170
8839
5458
38488
41965
37477
999
47769
1727
29299
36367
18617
18955
47872
39885
11915
38403
9968
15179
42831
4413
3538
3832
27855
43928
1362
38449
7011
23885
42429
47663
44406
1267
3121
32893
9584
40597
243
7352
8675
29541
10070
27291
48495
7941
17176
10409
12695
43495
25587
21877
14259
45477
25708
8465
39404
27069
13265
12766
17305
5693
10429
11710
23312
29901
10955
32895
20497
11197
6598
29171
40738
16667
22814
5584
40959
6341
15993
3654
16187
7931
41882
46797
19759
17590
5261
25514
44658
18525
38280
28315
40570
15060
40024
30233
44960
978
29479
31808
28527
36076
27330
19264
19094
16495
41199
10052
22835
7191
30057
39021
31474
21939
35817
1232
39528
7429
26746
537
42306
31377
28851
49227
12788
35227
29459
24099
36204
8937
5906
31082
11364
49587
345
30457
16082
41544
6860
38916
15086
36917
44289
12911
25207
46457
14143
31086
20238
7240
31622
12543
4968
26825
11769
17755
28403
7579
41853
30958
32867
14110
12040
44230
13696
12384
24686
29777
20279
31545
35045
1717
34813
45685
14627
10019
8493
45121
41104
28730
2360
39078
41272
7327
32254
19392
41433
27008
26970
33285
7965
26188
47394
20004
20417
27442
48740
11454
7218
35370
9351
8614
37086
10515
4298
18065
20534
12791
13185
27989
41520
31897
33418
49144
5575
32023
34887
47008
9030
28209
46644
16995
4396
10390
3350
41165
37831
2089
2618
11400
37459
28320
20014
40896
38835
40663
8960
25720
19805
22145
3708
27677
4041
3478
26820
25967
1852
28058
22974
27234
6266
19618
10580
27014
30007
13929
18178
34189
16018
20795
45588
19828
49115
31953
10723
37949
22616
36035
13668
8772
8179
33727
36448
28571
3556
29619
4537
21760
7677
43863
48993
30294
13480
9572
7307
9838
23500
25484
44026
5869
12631
5965
42048
11745
37918
19123
16045
26885
5157
46064
2008
29687
46142
38456
8257
49698
34426
29145
21457
42102
23007
36801
38748
2838
46372
46054
29027
36223
37890
39404
8444
520
45369
491
28616
49638
35965
44660
42874
41121
7075
44881
20807
3216
33336
45415
2913
34114
40912
40721
42567
13918
27521
31314
33108
40244
43720
12134
26467
31609
17890
1262
48480
13258
18104
27095
29247
4069
38106
22120
45189
45180
17000
32348
48395
16688
44114
17660
801
35025
24732
9719
15295
18605
41033
48402
8848
34752
26887
1666
32712
44776
2927
47543
24385
21031
24637
3631
25099
12742
25750
36639
24273
9102
35338
39019
42141
29452
6678
9293
30828
47762
19011
46122
16366
26395
10875
25213
27498
37762
26879
10209
32537
46157
7751
6922
17187
48739
26904
8637
27832
2654
11628
2104
28107
46965
41123
20247
42768
14152
45891
23596
11913
14901
36069
28278
41296
46944
3491
18793
34705
46721
45354
33593
42877
19456
6866
26416
18195
33770
35052
46026
2775
13031
14482
30881
9996
21956
17479
19115
36107
13369
9062
48020
28269
45131
42649
35916
8426
12491
21061
43130
9211
16414
43074
18440
35869
16292
11207
20415
61
46258
16441
19187
9289
47274
16419
35636
19229
33897
21102
5335
47265
30164
19706
41885
41646
12355
44153
71
41197
15213
9552
408
31626
18977
35199
33846
35268
46405
4261
1680
9014
37053
20866
34654
34326
37284
36641
19906
21180
7743
25240
34796
4258
11298
43033
45903
40004
37185
45973
31200
18749
21876
47959
16726
40852
49509
571
26120
45913
21183
27799
21279
8235
15017
22284
8912
2300
8925
45169
39832
16667
20409
24627
20924
48058
34011
33178
38061
37547
45502
35612
6295
17377
33571
23020
8228
33079
23591
699
45344
11125
44850
32974
35712
9866
5257
44623
12165
14181
39792
1996
47199
26552
42975
34474
40961
43337
17651
45373
30884
13152
30984
37178
46880
30906
10198
21460
30337
140
22158
42032
27616
17007
25005
13327
43224
30261
7950
5389
10794
14093
23736
7992
6996
33062
8818
47956
26399
42820
9680
7282
22324
40663
10811
19203
37921
37360
40662
18257
3851
29172
10288
31467
12530
35292
44793
5754
31904
19094
11142
42697
49538
1229
17041
6533
34291
25858
20840
27041
18677
30519
674
7352
21182
11484
26555
25454
15196
33568
43710
35398
12739
20349
16864
25269
5640
28009
31022
3895
47102
8515
46592
46640
9743
29984
19524
10385
5841
40364
37425
40869
20882
4450
48221
8415
32286
41127
33868
47481
24694
43929
32878
3785
14277
16094
29053
19916
44102
26426
40163
41203
34940
36754
4194
11034
16737
23718
21419
38929
14081
25195
46149
1314
29645
10721
26081
28282
1847
9948
25762
42893
20229
24991
46677
34505
41084
42081
20773
1537
34858
10935
9092
19797
14040
13285
47182
30776
3354
34952
36056
33786
10147
32204
35100
6143
42925
27532
776
11123
37479
42889
4015
7707
17879
17043
8564
25315
25475
29336
26851
10332
40270
2294
46480
4309
15579
43662
1436
35284
28613
3843
19070
5111
36046
20521
27605
45322
48052
28380
6445
35530
21268
26811
9589
5499
43854
34504
47165
35680
13839
40367
46012
20460
42661
42491
41120
8239
36152
8907
43522
31117
12749
28943
2579
48794
49463
30184
10468
47514
24915
33264
49396
12535
10074
8984
34385
20279
9839
31549
5959
23677
21915
1970
10488
14575
10812
1607
39165
13316
10513
49039
44432
39613
27981
13362
4758
43796
9897
15225
41309
34812
48488
40704
13698
24914
16039
48082
45192
25877
45982
17502
15905
17896
35823
26392
48823
46635
44350
4339
9950
21214
19729
20733
10826
14062
34094
15584
7857
43991
47160
49165
45154
12000
6221
25203
