3734
3436
3478
204
1845
1270
4622
4281
1719
3562
2643
1601
1291
3672
1220
3967
280
392
3053
1453
4270
4683
451
3989
1809
1997
3339
3181
4028
3062
531
4412
4043
1725
1826
3678
2435
2245
4405
3087
3402
1341
841
3066
2438
2929
1470
949
3523
4262
4546
1753
1942
177
271
4593
324
731
2711
4550
3810
4417
410
2506
4775
4885
2682
2470
2626
2841
2274
4955
3704
4717
2640
1016
4431
1423
3237
4383
1238
1037
296
4370
823
542
1319
2624
4635
1687
4749
2804
4284
3309
1401
223
4844
138
1204
4129
865
306
939
3454
1289
1336
4102
4895
131
3261
3112
4685
1357
2128
2066
2990
2276
992
893
4337
4958
3279
482
3064
1551
4651
231
2757
310
3587
1371
801
3137
2649
2062
2037
474
2813
3127
3648
4975
4649
264
63
3449
4909
4230
3293
4659
1804
4226
4374
1823
2939
480
574
3585
3633
2999
4110
3270
4053
2882
333
2414
4902
4292
818
2412
4128
1136
2150
3794
4660
3166
505
2886
1155
4670
1953
802
1012
3012
919
1631
2875
2319
3574
2301
55
2829
884
998
2050
3723
2451
2609
4273
868
2209
3526
2584
4001
1491
4551
1608
4347
2540
4936
1513
1000
489
378
431
18
4122
3493
2537
1096
1458
3973
3880
2212
2205
4257
4015
3964
2505
259
1045
3361
1225
312
811
4949
2727
524
3046
1650
3924
1272
165
1895
3412
3618
4196
4452
4482
49
154
612
4790
1937
716
4531
4061
1609
2860
3498
791
440
4240
851
4458
3058
837
4184
2104
906
1835
3544
4125
4725
2670
2350
3494
4783
1104
3843
3573
2086
3429
1311
4027
1562
3812
3440
1352
4522
697
1510
3176
4770
4838
1887
202
1177
3811
314
3864
1227
2413
1969
21
1561
2028
4993
3598
3276
951
70
2728
102
2433
4103
976
132
3406
2169
3999
2292
1673
4485
3828
2486
4052
4529
1987
2689
4034
3009
2129
2135
2480
3866
1945
623
2953
901
3265
1902
2719
301
3972
3681
1983
4719
42
770
174
2571
4330
1833
348
1640
237
1924
4606
3949
8
1805
4241
79
2007
3692
584
1304
1323
4585
1689
1283
3912
3133
1094
2971
2559
1820
4598
4076
1917
1181
891
4072
4702
3110
4738
4735
1307
4066
313
2464
873
1210
461
1241
404
3974
4338
2833
3980
3228
4081
3073
170
2001
479
3031
1540
4127
1003
2767
4605
3997
304
4477
230
2268
1585
4221
2341
1878
1262
4204
3398
2253
3419
2974
1710
369
1991
3507
179
1224
4249
1024
897
1380
4752
2522
3232
511
3697
925
1654
751
305
4479
4214
26
95
2394
1320
1504
3950
2197
3640
1340
406
4671
4149
1483
218
2331
3246
2375
3290
2796
4988
1522
2463
3729
830
415
1931
120
2251
1415
4997
1099
969
1750
3284
3519
4137
1821
3410
2963
368
1175
3000
4931
776
2244
1110
3572
4618
4904
2707
4488
4889
1548
1970
4300
4222
1770
2119
3452
4156
3831
3396
4861
2786
2439
2998
4864
3531
1362
3712
1113
4474
2806
1872
2599
1848
2453
1172
2773
2923
2013
32
2892
1457
3366
1519
2787
1727
3322
1501
4402
2785
108
2048
3615
613
1972
3795
3728
1952
3674
625
2164
529
1492
210
3393
358
3
3752
4466
364
2232
4713
4852
253
1079
1023
1183
2529
4859
6
4388
1429
1723
4005
4051
1614
3044
4302
2213
2101
255
208
1777
1219
3699
4440
3372
4854
4233
1966
276
4391
653
4498
2945
4858
1733
2642
3418
1145
2288
425
2601
1474
3738
1703
3693
167
4234
4401
688
1557
2321
3976
3721
3569
860
3482
640
2631
2121
4282
4435
1076
3684
4938
3510
1137
242
4134
863
3975
771
1541
2199
2763
3302
3942
3378
1091
309
3670
1767
2888
1332
2091
775
2912
2789
829
2340
4930
581
2508
3448
1613
2654
4255
846
3229
2906
3109
4439
1116
1162
2167
1069
4228
932
4203
1993
4275
3655
2507
1851
3859
1169
1521
3625
2296
1100
3096
2339
2904
971
2880
182
3660
3497
16
686
29
3871
1493
2345
4515
4579
318
460
1434
2133
498
2515
2563
1824
1729
1875
4245
2025
1049
4867
3601
1128
1730
1697
23
3816
3324
3423
492
954
4960
1713
2442
3958
4411
4860
252
2257
126
47
4818
1017
39
1829
2305
2231
2166
2180
128
1918
3703
3052
1976
2858
4254
1690
4812
590
1724
2267
1107
3869
2416
491
2500
4942
856
3559
4986
4237
591
2798
2405
2122
60
2432
3757
4996
2194
2266
2918
1593
4003
2140
1871
3759
3888
3334
4679
4564
3495
4568
1215
4175
1906
4763
764
2153
3100
1436
4711
4700
1544
1015
402
4647
723
3919
3630
4703
4806
689
1478
1920
2936
243
3582
371
3352
3389
279
3239
2712
685
1442
892
4335
3717
2175
4890
4071
1736
2818
1709
4809
1842
30
4688
2573
2168
4404
2761
3247
3791
426
1677
847
1374
2820
3639
717
99
2831
2805
1526
4630
375
3834
3792
2937
2691
3475
2531
1635
4976
446
1422
4628
1313
1228
3679
2652
4916
56
608
4449
1957
38
273
4048
2598
958
3179
1070
619
1178
504
3765
1018
4533
2926
2872
955
1973
1550
557
11
3048
1468
944
842
1143
870
418
1927
3528
19
2893
3602
1460
4704
4483
3658
908
3444
1597
2458
3108
735
136
4223
3673
3294
3126
4375
254
2240
833
2047
78
1447
342
2363
2344
1095
1940
3432
1925
1622
1711
641
4781
1367
1124
2497
4857
639
1792
1759
4503
4518
2490
1433
2447
2934
922
3318
3710
2310
381
1188
2158
1580
522
2396
2574
2685
921
1578
111
1672
1019
1968
1416
4642
3665
2058
1337
2218
1737
2735
4920
1926
3696
199
1281
1309
268
3682
2087
3164
3853
1391
989
190
4002
2203
1643
4697
91
1882
2848
794
1477
3695
1762
1881
2672
2378
4940
878
169
2415
1111
4372
3121
329
1507
1263
2838
4682
4145
3824
1844
981
1789
272
2903
2677
3459
696
3781
322
1558
1514
4784
1400
4863
4614
380
3392
1093
4856
1377
1910
4777
4202
2385
2510
3211
3890
708
1889
3367
281
4109
76
1847
3836
319
1996
1195
4599
1494
736
3218
3034
2760
2365
2206
2779
3845
3571
193
4459
964
3570
1573
4756
592
2141
2246
2059
35
582
3251
4759
3951
27
4722
4366
807
180
44
3336
3568
1539
4745
2852
3442
417
3901
2679
3151
4727
3645
2055
4991
3328
2303
2895
4874
3504
3851
2581
2302
959
2849
3308
3165
4364
4667
1342
4428
1441
1465
558
4032
2857
2186
4830
4707
2229
3461
2742
4118
4331
3506
2524
221
972
1214
4932
1778
3846
1956
464
4346
4640
3472
2247
3225
1348
549
3777
110
1488
2684
3342
2701
3610
4580
1722
874
2941
1944
3368
67
2269
2911
1065
538
2572
3138
4762
1786
4321
2854
997
2650
2073
4801
4788
1706
4470
4733
1886
4871
3661
2899
3077
4154
2766
3941
3849
2946
4205
4326
2235
4497
3862
434
469
3817
777
2694
2647
401
3500
2420
1435
4691
185
2644
4699
4663
3718
1379
4872
4359
462
659
1250
4923
96
2258
3550
2006
4779
1909
2373
214
1873
2637
4963
343
4617
2243
1274
4548
458
2096
2217
36
3226
2977
4517
4981
3236
3927
4041
3093
2252
1610
1960
3776
51
4423
2338
215
2275
4462
4849
3283
3709
2298
1305
4093
4753
58
2726
2241
568
2565
3575
848
4291
1192
3092
420
1589
3089
3501
4956
1034
3893
767
77
1138
819
3863
3981
3124
1466
382
1688
4213
1327
2699
571
4883
3909
2044
4244
603
3173
3953
3468
4178
2690
4675
604
546
2125
3796
3274
3724
554
409
2972
376
1607
2894
2381
880
2183
4133
1232
485
1626
1046
4810
3780
3576
4212
1637
414
467
2983
1217
3113
652
2000
4147
2558
3590
2582
1941
4443
1731
4415
3479
3263
1515
3307
2249
3304
5000
3753
1358
4325
3815
4677
198
2045
4377
3842
1553
1907
1282
1681
476
4898
3348
4811
816
1134
810
455
87
1347
2398
4434
2452
2908
1459
2570
4696
3214
188
4387
2774
1499
2273
1627
2942
2041
4475
1102
3169
2460
3772
1448
826
4536
3797
2568
4432
4619
586
4224
1322
3163
795
4007
1546
3926
2284
1368
3719
2295
547
3554
3745
1653
1255
1572
1747
4098
297
1648
4636
3384
250
2542
3566
525
1426
2351
2216
564
694
1982
2535
4236
4131
4992
1407
4643
3527
4791
133
2181
4352
1782
931
285
4624
398
2171
4185
3350
2238
258
4408
4075
1668
1167
2294
4908
2401
3551
338
2390
283
2021
4893
1160
4594
2113
3896
4446
3769
1334
1059
385
3390
4768
4581
4654
3305
3515
1398
2130
4491
4820
3131
2713
1427
3148
2368
980
3217
3327
1768
362
4742
3170
2188
2254
66
1196
4639
4261
1964
2708
4576
2617
4360
518
3620
2744
4210
4842
2347
1862
3405
2698
3735
666
2065
1424
2663
1329
3351
3208
1120
457
1454
4612
962
3918
4824
1655
4778
3657
2376
4494
2569
1641
2877
2248
2969
3483
3069
4524
337
2539
4537
742
594
3985
593
1990
3809
2484
1947
4951
1318
4505
3323
4473
3141
1732
423
3952
3882
3558
2191
3205
2956
1444
2890
988
3788
4511
645
766
1203
186
3047
2541
4927
114
463
447
3357
1482
2138
3829
2550
4928
1865
1814
323
3634
1495
2075
2797
4424
4250
2851
4471
308
757
1854
1259
2925
3979
3731
1461
577
825
386
4973
534
2901
2190
942
2575
2330
2450
4540
3004
642
3171
3773
4868
205
2395
728
4903
122
2688
539
1246
4918
1267
2185
3473
725
4765
2492
1636
2009
3518
203
3789
669
3371
384
3715
3716
4686
4495
2791
4157
923
3730
3345
161
4407
1035
4144
4161
4406
2038
3464
2063
1914
4014
1666
3879
1007
814
3438
3905
2924
3145
1599
1419
2440
4680
722
4807
3596
2404
2988
143
1605
354
2836
2556
141
100
3400
1176
3130
3417
1484
3059
881
4813
4802
2272
4987
3433
4285
1077
4846
1676
4674
3887
1074
1765
1480
643
1603
2747
4886
3447
2466
1053
2915
4024
1205
3037
2960
2346
1822
1154
724
4662
4484
2165
3993
3116
3727
494
3771
3365
148
1912
3095
3535
4706
4217
1984
2734
4534
605
4164
3079
43
4348
4552
4020
693
533
393
4720
374
52
3234
3835
4882
2085
1038
1584
3428
2676
3838
4083
3946
1810
1071
1985
2639
1464
212
565
4892
3379
3271
3240
1774
1185
3391
2402
4179
1749
1064
2678
1057
134
3343
2863
443
3364
1404
1029
4780
3548
934
4894
3522
3520
3180
1109
270
2380
118
2753
4828
1264
1995
3370
4045
4730
3977
2913
3067
288
528
4490
4984
3266
4248
1251
3786
228
2979
4016
101
4574
3978
4380
1843
3043
331
2740
3599
400
4367
4289
598
217
1564
655
3652
4296
4789
1793
2281
1333
2454
3463
918
46
626
1473
2975
80
812
3808
3160
3760
635
2496
3722
2489
2152
4739
1147
3191
4897
168
3174
4553
2114
2536
4183
4658
45
3612
4945
4464
4062
747
3194
2504
2792
2081
3945
192
4304
2930
377
3651
4771
4186
4116
1900
597
530
4805
3567
3386
1899
3848
1001
2421
4303
4891
1119
2590
3314
2620
2054
4209
137
2991
2501
1266
1936
2619
2312
4978
1258
5
3744
817
1916
1280
3963
3654
638
1575
117
940
1189
1508
3252
3937
2629
135
3065
2674
1363
2846
4772
1044
3101
755
2618
3508
3877
2146
1395
665
3594
163
4279
1190
3167
744
4652
2907
1596
4785
1129
2758
2778
4714
3056
184
2502
4755
335
2196
2935
2426
4826
2359
1471
3038
3778
2031
2514
4648
1365
3956
2291
1880
4481
2847
4747
3471
1888
994
1534
1009
3144
4084
4349
2154
86
1022
3512
2843
4990
3458
3017
4232
2309
1647
363
4463
672
4712
2094
302
4566
4371
3380
4974
2958
2187
839
4056
4167
4448
2622
787
3667
1393
3856
2871
916
1306
3867
1254
1556
1932
263
2173
4638
698
4915
233
140
1455
3959
3161
239
213
3157
1825
1105
3002
4556
3036
2634
1406
627
929
115
2822
4590
768
1617
1652
4748
2523
1139
2702
1569
430
1586
4681
4561
1981
3045
3103
1799
4345
1230
711
3344
3021
1385
510
4148
3782
1103
1063
556
3347
540
2610
3326
2090
3107
2839
854
2794
1025
2748
1712
4314
1913
2809
4821
3426
4278
630
1083
3491
834
3586
899
960
317
2278
754
1817
719
1191
1828
2070
2596
3018
3906
1883
412
1115
3269
1088
2589
548
3662
3287
227
1629
3057
602
2927
2666
550
2756
2156
4734
3425
772
1351
3685
1087
4264
355
902
4086
3764
1384
449
4701
3134
1671
2313
4689
1350
2493
975
1683
24
4512
2374
226
2103
3820
2557
1616
257
2780
1807
2577
85
2824
806
2329
1892
1571
403
1506
1498
2382
1412
3143
4461
4693
4263
2578
1097
3295
330
3940
1294
4732
1375
1876
2100
4340
2003
4140
4318
2498
4692
3486
3049
1528
646
2293
4227
4690
4879
2308
4220
750
3545
1417
366
478
326
2853
3244
1226
2131
537
2222
260
521
4433
2436
1392
4094
4695
4672
84
4900
2627
4101
1663
387
1014
2478
1067
2354
3931
57
3443
990
127
4774
1078
2391
3907
1364
1581
4521
885
3411
1755
3663
3666
1903
1132
1051
2444
616
2332
1206
2137
187
1836
2349
4049
405
910
759
1223
4847
34
824
1349
3538
2108
360
1633
4168
3382
4555
808
1396
1604
1669
3943
1670
1780
2970
3375
3825
379
4646
3897
61
4467
4523
201
1579
4322
2695
4099
2594
4596
4831
1277
2717
2859
4562
1405
4547
1231
4368
4641
3083
3564
2534
889
3280
2379
1796
4465
4225
4527
3962
4229
299
2583
624
753
3969
2891
681
2887
3589
2475
4455
1566
779
1630
256
4567
2867
2324
3320
4418
2033
785
2669
4563
3804
2661
3613
3736
3316
4121
3235
2710
2014
4339
2079
721
1946
2664
2614
4006
4715
445
678
4601
2116
3434
4308
1619
4632
3998
1212
649
298
2227
3619
274
2109
3910
2286
3404
1803
3611
334
715
2576
3891
1769
3608
2264
4276
1933
3204
1247
3496
2328
3822
595
1252
2914
2151
788
3669
4017
3868
1684
2422
4726
1073
1638
90
2407
2456
1302
1857
3756
3732
3070
427
974
1010
4914
209
957
4750
1518
2455
4541
2201
53
2900
2392
196
4570
743
4637
2793
4104
2111
1764
1773
4357
2902
1489
315
961
2665
1062
1700
3188
1692
37
3944
3358
3315
3299
2019
300
1901
3437
3076
2825
2957
2962
1850
249
2076
1701
2605
2922
631
2884
2348
506
1140
3086
513
4687
2909
566
2518
636
2967
3395
1382
4982
2262
4906
1248
2202
2840
789
4615
3821
718
2386
1598
1245
656
3840
978
3183
2311
3084
4266
2326
4029
238
2552
307
4299
1908
1530
92
4554
4979
2949
2660
3741
3591
4313
2145
3800
2282
3011
862
1043
3245
3028
2579
1500
1745
83
3676
3123
2917
1084
896
4344
2817
3129
1295
3476
1386
952
2777
4274
1293
2242
3313
88
1891
579
3604
1893
2230
765
3035
3561
1278
1922
1472
1582
2733
1665
2621
3445
3474
1413
782
3968
1748
1698
383
2673
109
2410
3383
4544
840
1446
71
3521
4162
1949
3957
50
353
4316
3698
244
2481
4114
3451
1296
2056
4173
628
3636
4216
4112
3075
983
3819
3139
3457
2752
1216
2397
2342
1389
1794
3858
3222
1199
1198
502
1361
2074
4012
1148
3381
3439
1831
1718
4332
2323
2473
3150
4969
2564
1884
159
3408
2184
692
3990
2459
3803
2289
3793
3120
149
1440
1060
2046
3920
2336
1915
1606
2919
62
129
2179
3802
1118
175
3192
2606
2720
3268
800
2142
3385
3182
1108
408
869
2144
1330
4592
1867
287
2300
1292
3099
3826
2322
4939
4195
2692
2259
40
1080
935
3242
1163
4896
339
3900
346
2182
3216
4444
1746
483
1678
4876
1545
1234
4535
293
1411
2799
4760
1409
1180
1343
4265
3420
2482
4393
1998
295
150
291
3552
3881
266
664
2706
2513
3136
3740
2814
3441
3340
4089
4668
3578
4560
4135
1256
948
3806
4077
3895
3775
3706
2388
4724
164
1951
3739
1020
3257
328
438
1353
2399
3068
4723
3751
1760
3755
4037
2987
926
4602
1554
294
3687
4572
2657
2965
3904
4290
3156
119
2039
2393
2781
3894
1133
1390
433
780
4835
734
3013
4231
2092
947
585
4776
945
2377
3854
3172
4604
2952
4502
2951
1372
4413
1943
4808
3332
2819
3961
2361
2499
1072
2136
3549
1928
4718
2554
4035
1662
3677
3982
3147
3671
436
3557
2834
4815
943
1201
1114
2966
3484
4878
3656
3296
2602
673
439
2139
763
4143
2592
3799
2477
488
512
248
3948
3177
4295
1657
1837
1242
419
3614
3310
456
4301
2107
1194
1939
551
3397
4163
1775
2228
289
357
4353
2061
3790
1355
2808
3159
4543
4064
3886
2920
1209
2943
3125
2042
843
4180
968
4365
2071
4453
3162
3930
4336
2628
1359
4855
4934
553
2978
351
2755
3450
1150
3030
2985
2633
4039
4983
1919
3312
4705
1695
514
4013
1839
1430
1090
1716
657
2117
930
1592
617
340
4312
1243
1841
2897
985
4218
1432
2632
2732
3516
2879
3892
805
3360
2225
1026
2408
1068
473
1338
1726
4311
3917
1696
4933
3814
3349
3333
1563
3988
2562
2996
4795
4837
181
1335
2827
3603
2457
3460
4151
4678
501
3595
1628
3022
3078
3213
3642
1532
4620
2352
2297
543
1660
2315
4187
3051
465
4070
3650
139
2157
2476
1290
4206
4456
466
2337
894
680
1257
4870
799
112
1568
4065
2431
166
4000
4899
4351
1425
973
1420
2816
1853
2084
651
3996
2429
4796
197
3040
3965
4057
2049
849
3249
4558
2700
620
1490
1967
4944
1658
3742
3984
2607
526
1421
1297
1699
1439
121
2548
1787
3227
2077
2012
3233
861
963
600
3579
453
4182
3540
2940
797
3683
3889
2008
2955
1818
1041
4994
3556
2703
3898
4317
3273
124
1098
2885
94
3243
390
152
157
3588
496
3485
738
4887
2528
4130
3189
4607
2437
2855
1158
1781
2641
3609
4451
219
4513
3577
347
1321
2896
2360
1050
3267
194
4832
4267
1795
3933
3477
2105
3387
2088
4645
3536
1988
2263
3748
941
3714
4557
2759
3193
2898
4766
4751
2095
3256
3039
2285
2118
130
883
4328
365
3466
1801
4190
2775
4192
1979
1383
4792
730
3015
3301
1166
428
1437
1559
4583
2334
2865
3098
4989
4414
3747
3629
4069
3922
1576
229
3622
4507
3090
1235
1414
1516
2355
4644
4866
1381
472
3524
9
311
2530
3607
2821
2743
4501
4242
596
14
4385
4520
1975
4848
1752
224
578
1827
3029
914
4421
561
4277
1004
4586
4097
4033
1651
3223
3026
4361
937
3592
690
4188
3168
240
3686
3688
3502
2722
1463
2467
4817
4737
416
123
3899
977
4793
1211
3111
4172
125
2449
1538
928
1965
4509
4088
4253
3774
4998
4853
1583
3925
2762
3264
3690
3154
2986
1276
2815
2030
3401
1741
2549
4839
251
3241
4309
3986
683
3355
3743
2017
3960
395
647
4155
2316
470
2255
1438
2844
2320
4595
2223
3277
2260
3928
2357
3072
610
3117
1496
2503
4334
2944
4200
2005
2126
4170
2155
2850
4059
706
211
1929
3876
2776
2866
3248
1324
2280
1036
4880
2353
2409
4376
1388
2630
2512
394
2868
1830
2823
4970
1885
1486
2210
637
3020
1308
200
2683
2221
3932
867
1744
2462
1685
4538
1237
1971
3338
2802
2646
3870
1921
4386
2283
1808
3649
3779
4150
206
2261
4493
1085
3335
3373
4625
3644
3321
4395
1285
1479
468
1533
160
399
4422
1394
191
4782
4977
1707
2595
3258
4235
1314
4138
3539
1360
2830
2770
2662
2192
2933
3560
519
3766
1623
2430
3416
2333
1476
1849
3580
4926
2842
3027
4397
3713
773
3014
89
3878
4315
3060
1861
3616
3938
4373
1197
2495
4092
1859
4910
2783
1739
332
1082
1187
3530
2704
1075
1611
3489
1033
4159
4708
4573
2989
2161
1142
4500
3010
2057
1265
2519
1208
2115
3008
732
2487
2468
2921
4819
1218
712
909
1356
4953
15
3286
3627
3298
2306
3689
1253
3212
1157
2078
555
1846
20
2304
372
3292
3767
4881
3278
953
3377
4008
3140
4166
4911
156
4117
4569
2612
1487
2170
3190
3995
4060
1930
2110
4294
745
1758
615
1624
1552
1054
3097
3532
4023
1776
2024
3720
2648
370
1173
3746
2976
437
1298
1151
2036
4425
4259
4946
4271
4799
4486
1240
1525
320
1316
2754
1661
4243
3733
2234
1838
4181
4921
663
1717
4050
3707
2656
3702
2585
946
225
1052
3311
158
4287
222
3196
2705
1646
4577
1445
903
4729
3768
3074
429
3042
4268
950
705
1370
702
1066
809
920
520
98
2982
1131
59
1174
3638
2290
2389
4833
1146
475
2616
4758
2964
2327
1200
567
4090
4
3195
3146
979
4825
3424
3105
3653
3947
2516
4343
3215
4845
778
4621
4305
4107
3915
2400
107
882
2387
691
3453
1963
4961
2271
4767
2474
1130
4611
729
629
4657
2591
541
2072
3921
2525
1331
2106
3749
3936
1028
1565
3701
4478
236
442
1555
3694
2837
2826
2123
1497
3325
2018
4113
234
278
1994
1328
1874
2613
3784
3085
2172
4588
4865
1567
2195
587
25
336
1061
4158
4744
877
388
726
4055
3883
1802
3798
2093
4743
4539
601
1275
4919
1535
1721
2256
790
1986
4816
1858
2089
3155
1615
4038
1978
933
3911
2160
2112
2653
560
4754
2526
64
996
4650
1144
1602
4123
3913
232
2697
73
1702
611
2716
4740
2597
3201
1048
2127
3593
247
2174
544
2551
1213
1056
1002
106
4074
858
746
3415
2723
3306
1590
2317
4420
3250
503
162
1806
2659
2545
4429
4160
1502
155
2954
3621
3091
684
4356
2406
695
3413
1549
4384
508
2587
3362
3929
4862
987
1639
4211
4030
3754
3563
679
1588
786
3832
4827
2371
1505
4597
4584
838
3128
2016
515
1373
3033
345
1905
172
3873
2419
116
2709
1081
570
4528
1863
2600
4673
1376
827
4603
2485
1591
2724
864
3050
1303
2149
3275
4530
2325
2693
535
911
144
352
2159
4111
3487
3207
1999
267
1326
3203
481
4676
145
792
2729
1529
4354
2765
3903
536
859
2668
2772
2738
325
783
3783
189
1560
4400
4004
1092
151
3023
444
4280
2994
1030
1934
2658
2517
4350
3641
3994
4215
4967
4258
758
3541
1279
1840
866
4381
2207
3455
105
3262
4251
1819
1153
3118
2555
4888
2053
97
1013
146
3983
3025
487
4201
2910
1287
452
2064
4194
2560
3122
3063
4516
2124
176
3971
2883
2764
2984
4260
3499
1757
599
407
1179
927
2367
448
516
4272
2441
1679
2494
3762
562
1756
4669
1485
966
3987
3818
2768
3255
2471
4917
2099
2828
831
2060
1428
3300
2741
1170
4208
3210
1152
760
3916
4565
4937
1961
262
803
4256
820
1040
4046
1570
4430
3581
4091
349
4721
3850
3525
606
3200
2035
667
1958
2148
3513
1761
2566
674
3007
509
2751
2026
4626
4441
993
171
3470
1779
484
2082
3691
1149
887
3337
822
1832
3542
2810
2873
2411
2553
2725
3281
3206
3369
4665
435
1527
852
1955
4966
1221
4021
752
3319
2343
832
761
4153
4578
4442
4980
4293
1126
486
2718
970
3421
737
3763
2784
3024
1249
2961
4965
2143
3399
668
3517
4472
4087
1086
2277
4634
4506
2040
3631
3359
3297
4761
1980
2211
1271
4333
4078
2980
1517
4438
2608
2219
2237
1791
1904
1728
1121
3785
261
3019
1273
389
1869
4106
3363
3637
2356
4141
4716
2686
995
2226
1467
1159
81
3016
2335
4389
4426
1547
1923
1977
1450
3813
2869
2425
614
709
4954
650
4468
490
4829
275
4396
1300
424
65
4436
3259
1644
3852
4219
2465
1182
4746
2968
3606
1667
3955
3106
1595
72
3839
3331
1005
2445
1475
4457
1763
3341
3543
569
3626
2511
284
4631
563
853
523
2307
4177
4875
4042
1481
634
3199
1027
454
2358
3346
4907
4623
999
3317
4962
2097
216
3546
3219
1456
572
1855
4323
2604
1469
4445
1269
1031
3954
3708
1011
1634
1691
3875
500
2177
4363
898
844
986
1141
4394
2737
670
4427
3260
850
3659
4843
4460
4589
2745
2811
1868
662
3726
4450
4952
1811
4803
4964
1122
905
3480
246
2636
671
872
4769
3041
4355
75
1879
2739
4840
4526
4823
3114
4080
422
1531
4985
2250
2178
4199
1451
835
3178
3330
3403
871
3617
633
622
3291
4392
4310
4022
1431
316
2287
4935
4948
3805
173
4403
1935
2366
4559
4100
2769
2973
2546
2083
1397
2862
3643
2029
733
1989
836
4532
2132
3469
4193
1512
3647
2521
3565
22
3197
3675
1894
3142
710
2067
3153
4629
2403
2424
648
4115
2162
1509
1740
2022
2870
269
913
4504
2736
1452
3001
277
4410
3533
10
4286
282
4341
3254
793
1317
4469
3509
907
924
1992
3465
2667
3553
1877
1612
1866
4095
3198
1462
2120
3827
2189
4047
3737
2878
93
2369
4525
658
391
1449
1536
450
1378
1042
4165
2002
4026
3750
2443
1244
2671
3833
4054
1117
1743
3492
3427
3376
3841
2102
3353
3407
2995
3505
2651
1520
2134
713
1621
1693
3272
1286
1301
3490
4912
2938
559
4957
857
2270
2696
2538
1864
4764
720
886
2750
4119
4327
4324
2488
1055
676
3414
1537
2370
459
2856
1346
2992
1812
2520
327
4085
4582
441
3119
1625
397
4489
4499
2655
3061
3003
1399
3081
2928
2544
4694
2771
1742
1236
3700
876
4943
2835
1207
1101
3860
1524
3865
1127
828
1870
2163
644
1403
804
4841
527
3356
2561
17
1503
821
1161
532
3409
4096
3446
3555
2068
1261
1587
2479
3094
4664
4869
965
3597
774
2023
3230
2635
4972
3185
4786
235
3149
4198
54
607
4298
1408
1312
4655
1089
3668
4613
4798
3857
784
4995
4067
4757
879
1816
1369
845
2638
4571
4851
917
984
2427
1911
3807
4416
4709
3175
4600
4773
4197
4247
2483
4736
3770
495
2905
2721
4454
687
1974
4941
4063
2418
1008
2314
3884
1720
4288
3202
3467
4079
621
3005
3104
3646
1268
4514
2543
3855
4010
1772
632
3289
700
41
1645
2239
888
3830
4189
1164
1171
4610
178
3991
2372
3394
4913
3664
4616
4382
654
1898
4239
413
4968
350
756
2469
4797
3514
1112
68
3032
2208
48
2236
1047
1938
1783
4419
207
2491
749
499
497
3285
2200
4901
2916
1704
1771
1542
1058
4684
3537
609
1165
4040
2749
1642
3908
1345
493
4950
4922
4191
1
321
4947
2586
714
3481
142
982
573
1021
727
4358
2204
699
2782
769
4018
2233
4836
3547
82
4877
3623
1594
1815
2461
3055
195
3534
4959
2193
4609
1954
2832
588
4800
4036
2625
1387
3102
1443
286
2800
1543
356
1659
4545
4608
4379
4132
3503
2527
1600
3844
1674
2788
1896
3462
432
4409
4297
2004
4283
2020
740
2845
4082
241
798
303
796
341
4822
2362
3939
1959
3488
4246
4068
2423
113
1686
3632
575
2680
1325
2812
4971
2950
1852
4362
3605
4073
2795
1156
675
1785
912
991
3902
2681
3923
704
3080
661
74
12
1193
3253
1751
4378
104
815
396
2580
4510
3224
3071
1800
2198
3914
4787
748
2417
4437
4728
359
4575
4999
3135
3354
373
1754
1784
4741
2687
4656
1418
103
2959
4307
1410
2874
3435
741
2715
4924
2027
4320
3787
4549
1897
2947
2932
183
4171
1856
4508
2318
4398
3680
545
4120
1705
2997
2010
471
3374
3583
3158
1834
3600
1186
2147
1664
3584
1006
4319
1798
3088
1354
701
2807
4627
2948
2803
367
4058
677
1788
4487
2
1766
7
1618
2567
3303
936
682
1344
4925
4653
2801
2675
153
3187
2279
895
3152
1813
4108
2383
4269
1299
4710
3935
2593
1797
2623
3970
1715
3837
1890
1284
4139
1790
3705
2214
2215
2051
1735
3329
2446
4447
2384
938
31
1229
3054
3220
1734
1860
1260
4124
4238
900
4207
3006
4174
3422
2731
2011
4152
1680
1649
4252
707
1950
1708
1339
4698
2224
4480
855
2176
3966
1511
344
3132
4025
292
4492
4661
2746
956
4399
147
2299
290
2611
589
4834
1694
2881
2931
4019
1106
3934
1523
1948
4633
2532
4369
3761
4126
2220
1577
361
1123
3725
3872
552
1656
967
4009
4814
2069
4136
4476
4496
781
3456
3635
2080
1222
2098
3388
618
4884
3711
3823
3992
4306
4929
4587
4850
3511
4011
3186
2993
4342
1738
33
1202
915
3282
1632
3238
703
3628
762
411
1315
69
4542
4176
4031
4794
4873
1962
2889
2052
3184
1184
4329
2472
2428
2043
2533
1168
3874
4591
4390
265
3082
220
660
4044
245
507
1135
1366
2265
2730
1574
2364
2547
1310
4105
1288
3758
4666
580
1620
2864
3231
4731
890
4142
2790
1682
3885
1125
2034
3209
3431
477
3115
3624
3221
2861
2876
13
1714
1233
2645
813
4146
1675
739
2603
1239
2981
2615
576
875
1039
2448
421
3288
2588
1402
2015
3847
3430
1032
4905
4519
2032
2714
904
583
28
3529
4804
2509
4169
517
3801
3861
2434
