12442
58667
70390
86893
60920
79163
7514
67336
37305
65463
343
77735
12099
389
61191
76626
24874
69465
32851
25851
20241
81829
70965
28531
29664
97364
80385
86071
43378
37992
25926
55819
96658
96315
42712
73929
91829
66577
57616
29134
48391
74311
23220
60489
74699
84410
53466
15925
53874
86316
41775
90467
68144
29092
18997
14160
42807
15733
230
86184
53724
42507
58354
66733
38821
1065
40662
47002
83993
14629
92487
48735
88939
15706
25575
63638
16467
79041
95914
70341
81708
54040
60807
49852
99483
96155
80363
42289
11887
96944
28472
81963
39450
86826
48695
94622
4242
5708
41623
4587
20337
34109
53321
9275
66166
78896
89264
82633
74288
85177
69325
55995
39217
46483
22198
38699
42637
2560
80988
70875
99503
25811
52837
55304
12636
1532
49926
33230
7239
7900
37816
27575
58361
7488
53202
24526
2735
42465
23510
77022
27642
9186
49369
83210
55668
71566
21908
14656
90478
19247
1883
89980
45058
54719
45284
74045
72602
11561
23626
79841
19460
77793
23767
77820
85281
76968
18698
88015
19433
42207
81389
63426
51393
30757
46635
23412
18674
84894
54420
9151
4141
56302
15483
65550
11020
77118
55946
83622
88678
95924
79814
8137
73716
19932
85957
58996
96900
4654
63363
32684
63212
61103
12461
30956
91859
59095
54368
10532
43988
25139
36035
64480
81440
51517
46381
8811
28634
18679
8784
17311
14602
88597
25447
88317
24881
27755
47313
38132
48760
27027
70815
11972
88129
83275
59279
96339
58721
13646
6870
19060
55136
59256
83540
36575
10772
46272
45386
39405
64950
70521
56715
79551
75470
98514
67868
350
42620
31532
38481
91380
74910
25647
19703
63038
25273
78981
59376
83993
8979
82597
3052
64114
41853
2943
17041
52624
49215
78778
8381
14164
49298
81447
93715
24767
79960
77934
41468
38932
25817
79948
46663
726
21946
66365
63763
47218
61697
39490
31210
87027
22086
50614
67493
80290
53556
885
49266
19122
79662
57646
33286
45311
39092
43352
86430
35404
37637
27897
74335
63453
24197
20997
64178
46142
3713
44292
93360
81761
83781
40921
68788
22218
7886
52632
2508
77794
53516
51773
96915
49529
25770
30200
94839
64861
89903
81268
16616
27539
25517
90950
90991
49713
28298
71520
12206
32010
15811
21917
13771
99591
79190
98910
21809
87075
51541
40668
64868
21408
92440
61783
70936
34561
8334
82126
99421
98237
63394
32389
42127
5262
23338
33118
54974
51636
20989
83531
99997
36800
5448
13767
36390
84637
29028
74550
71711
80568
15217
52931
18327
24008
14713
89262
58568
23046
71388
74341
37634
51133
6729
79761
56394
46418
29230
27719
14405
50218
11249
14402
87017
16696
44520
39759
17684
89900
30660
89395
86819
62229
42325
5146
2588
73389
10759
61156
12786
82146
51848
66772
49630
74928
46532
22375
37697
92113
50093
68454
42330
61342
82855
45699
94389
43726
1809
12073
33625
48820
17819
20444
11048
76495
41941
13636
49883
52699
91143
79020
51197
59342
45791
826
50621
92322
39553
88317
786
89645
56770
59468
67338
55976
5166
78079
16054
23326
90151
66030
72145
24321
2825
99545
815
44765
29532
67049
97464
37026
46068
65012
12719
91859
65837
63339
532
21741
68007
1318
11386
41129
60785
95075
97104
82302
73153
29509
21979
79655
95539
94123
3975
98363
10019
21141
59480
55902
4541
73295
92927
50609
38306
5645
58819
20494
85335
59350
42235
53342
77019
53620
94470
37803
65046
7925
36456
38199
37434
58434
17853
49324
52557
38180
64038
78927
75672
23517
34829
80213
96811
44107
30821
51468
66104
89639
71962
51438
65340
14196
4779
42359
84167
99248
96513
49212
23525
32969
3762
60958
91402
37967
26633
60310
76146
90670
39237
68169
14187
90417
48381
27349
34523
95553
95169
626
1543
67130
52064
66883
97677
73194
9241
98195
88794
5753
63758
12318
38721
67520
89627
46475
21838
16259
6784
14335
6928
46020
82503
37466
52788
30884
81167
87311
26436
76335
4288
27979
43464
72703
11213
57492
45897
36805
55686
34690
58909
19443
47007
13982
3314
52985
60456
25151
69243
67239
39485
76170
29611
21988
13636
82398
69223
94802
69708
12010
87488
90348
56340
30951
63050
67552
4794
8946
4356
60479
59987
63265
96273
23345
77246
99587
76329
37701
41089
45571
21291
80574
21741
50901
18913
51728
33299
4487
62881
19358
16496
50368
9705
72836
97670
72755
40387
2463
81700
61095
62941
41687
40711
75565
65031
17956
75151
41360
72008
16240
3282
9650
13165
25022
60551
48429
93101
93849
52915
55981
13206
69410
22700
22911
58597
20369
95665
98984
39183
93716
76430
18475
51754
17140
94040
16785
51447
85542
74496
39806
18133
77777
49455
31297
19151
10005
96077
12251
20205
48991
84584
49763
34753
7283
72673
93349
44004
84689
8684
83186
94756
85113
18013
46510
18604
12052
79646
70050
97593
54141
26207
15726
48269
75662
63374
83771
2018
75803
12374
22223
24793
96957
71985
75897
20591
61009
69246
80946
45697
77929
80484
40452
79394
98496
3313
97997
10547
82958
84399
24491
53450
10605
56568
18071
2618
36294
1841
4636
12096
14214
43210
53240
11170
15194
29137
48113
76202
14734
29058
38250
9014
9541
95053
88407
8036
14718
2756
34934
97675
3506
59425
51125
14110
32344
69195
33080
68637
87387
37715
97084
1601
80924
50324
29122
12469
95812
77234
5022
10545
22644
59623
19558
32184
71027
24317
56572
85744
27072
91505
83419
46929
67281
50895
61038
99625
36441
10469
68261
23827
48183
65345
25427
45458
32020
70901
57926
27831
48134
62947
54727
70777
38921
74284
19313
9948
14952
75884
95691
42023
67388
79109
88951
34669
46355
66341
34293
82795
76809
18905
22974
41344
601
64752
86801
32620
35652
61079
76802
83786
40377
31528
70914
79298
22164
90226
89245
37115
82461
84935
95490
49849
80396
84440
869
43102
67132
51513
25897
60293
86769
65222
17988
87370
29973
4788
19989
65625
82218
13143
65762
22595
44670
36675
1892
66833
43253
91136
3948
25713
92422
99437
91913
89169
228
9133
32271
83712
60645
74519
60356
63766
39740
78343
51135
69712
83130
87475
35336
65348
617
17449
4294
45287
54124
6185
28471
13728
13672
48770
55792
6093
64558
47705
95262
81138
73189
43884
64849
33834
18402
41556
13951
58141
19898
65085
44204
19379
52559
95892
1078
69528
13340
5371
31166
83815
11555
59636
97542
41578
24758
53334
64023
89315
17390
75636
70452
90578
19519
51652
40763
37920
93207
54713
12412
13104
36149
56615
48835
88708
68858
49912
74587
82198
55283
5752
66012
83189
81739
79906
41119
6496
49591
5141
12163
66980
80776
98966
57557
294
50618
14672
38213
60176
69384
66976
89632
5533
39942
38466
10592
8800
4729
85178
90997
60011
7281
73360
59552
5371
69617
670
28219
19207
5810
40381
86186
86585
55698
60095
3230
22667
74766
57794
82843
60501
24769
88826
66033
64710
27291
92976
73509
32019
94505
80857
8382
18137
70569
84285
23508
40185
84954
51726
59392
7115
8458
61929
10051
80507
38375
13280
3174
13140
71073
2368
89993
12193
91193
72377
76902
34835
65353
66763
66853
59857
47619
91586
77994
18187
75870
17853
74724
77175
85930
34115
641
94387
12395
10691
74893
50770
23970
94418
80261
11394
96785
70253
23586
87977
42630
16840
22811
7982
83602
6016
84190
47572
13953
78535
82111
6175
96387
56834
83349
82316
7300
83990
93054
19694
11032
84299
70463
35002
78716
67076
46395
75501
37328
86333
79829
96309
3172
18992
20642
86773
25007
4832
34344
38959
99718
32806
45133
96105
89639
44834
94772
96938
45175
87826
32984
56206
88476
19798
91207
83543
86873
53954
75395
40553
56638
55224
36861
59809
74215
57503
62933
15573
78686
13628
54531
78403
46434
16016
90859
52424
77201
1983
49362
22375
6160
82345
78580
94635
18494
86139
78177
5367
56444
53572
45919
13081
25147
99131
89241
99361
72985
52173
14933
51670
82152
85815
46425
28585
18182
53635
97361
95382
55617
46722
34108
78128
45418
29040
72762
63911
31530
67291
85629
87973
37214
47899
17405
62360
47030
22997
61720
36366
91521
93004
4388
73672
95170
50812
18609
29704
20798
15969
41437
92767
79042
75545
70894
40811
20936
60008
21073
52465
27298
6702
40437
64511
70952
74193
26870
17981
97189
4941
70699
5061
14296
75086
78732
25817
25897
13692
55520
63046
29660
13309
55812
25053
5205
43058
65863
26140
3065
86936
78604
46714
9989
35392
27576
80940
25936
54445
15273
39476
75737
85971
44536
6384
61056
23267
32200
3304
53311
4072
66349
82970
17380
38513
24375
22584
97922
90237
48723
17338
77172
43678
64051
3512
95421
91626
84452
21356
62422
99724
60831
54510
85694
5366
60893
46749
44984
9444
50052
98294
13515
32752
97616
47246
87616
21990
69829
85537
28578
34903
2874
5750
78580
83276
9261
74000
91253
10064
11707
70026
9787
72537
24535
95480
77902
1779
58580
22886
11223
24983
37531
41089
57735
35146
88335
45350
73487
58163
47239
2065
9418
50112
7814
4349
49740
33426
94701
40992
59842
6407
11018
69628
78944
51904
81460
73197
53683
40039
12434
81257
65022
49965
22345
39108
85110
10679
809
58597
85194
48047
60661
10963
14511
84826
15311
64250
34603
10011
21593
94444
16418
32610
80424
11713
84514
61883
84909
54548
1921
97343
35804
83294
47307
74500
38753
48768
1531
39562
23716
3076
87608
84376
14038
18470
85553
29348
99071
36508
55711
20664
47303
72128
69625
27726
83840
70490
89608
68748
25037
7881
82442
77192
7526
29748
51692
46279
78516
53222
85840
2231
56297
89799
2959
86686
24621
4863
16033
23691
57722
71743
60706
5025
60222
30331
49102
60413
17172
38710
29161
58561
62942
27954
35752
86819
57702
3795
33097
52569
73368
35288
71151
46016
41439
74109
32701
66059
95324
65086
89749
53045
53180
66807
58069
13402
97137
7171
73814
30660
62232
19326
89220
41525
47280
24972
44695
21333
45118
77792
73901
18486
29431
45051
80853
70869
35512
29906
36927
47187
94991
43028
231
48170
9834
74652
77923
23322
98174
68089
53981
76757
3766
43201
18281
51045
84524
62975
88729
45993
57118
78981
80830
2901
40384
61683
73769
75895
91588
27048
23081
2930
70075
39663
67451
96260
14314
45374
35933
28839
13462
89913
5595
17227
49465
40227
84624
50340
19554
89704
96333
93023
68685
93514
95923
9068
55196
69692
84962
63135
96739
24394
82416
83165
80408
49867
95776
11074
95240
31708
39912
25053
37972
45507
58631
3789
2085
43254
54128
21638
49310
66812
14661
17994
60326
10583
27061
31873
96626
28374
11360
93364
52767
93775
92880
49526
43641
5007
60599
55232
36714
511
96636
91038
62369
55267
94826
64453
14872
65305
2443
64181
48469
33455
82174
8794
44037
9234
57018
40663
53959
84729
50378
23077
78504
59610
72603
38496
64616
33201
10080
17682
50063
6715
25071
28783
78333
19896
9588
93205
1552
12030
73737
50020
45484
55911
75165
5872
81496
32183
46534
35455
16911
13264
58531
11766
72873
47485
66614
53840
80686
93045
71521
47100
16111
96591
75883
94444
32838
85470
4000
34390
13851
94088
761
59334
49998
75926
81557
47846
24460
44443
99652
41370
57706
74534
69488
46930
22019
52453
769
19056
61849
88642
82507
77959
1584
58389
88754
50774
60210
9105
1515
74060
3193
2275
49745
69542
78200
31302
33739
2659
75744
33390
60381
49801
24276
46220
96730
46294
15024
13850
81701
76872
18843
64207
71182
20427
38948
76288
87552
99157
85392
89066
89569
88584
91340
55665
74478
85892
86966
8216
88550
79061
57958
65282
28861
82233
27853
41942
44878
42876
55792
26578
19747
90986
7136
7281
11412
46083
83568
98963
45240
68959
4380
51160
73895
95720
6824
48372
97963
93790
72939
2864
89202
30896
68146
34415
13128
95998
76356
58005
38874
48499
934
74972
39485
8070
82252
67248
54152
65819
82563
15743
51130
86942
66902
25024
99013
73726
89747
96975
83867
62685
99839
73068
9933
84336
7482
23060
96685
190
97417
51910
65040
98350
26882
20876
6419
25485
4476
76923
7656
87038
92665
58785
90331
59567
160
5696
33292
6258
19022
17158
85294
35212
6577
95226
35899
30411
34638
32584
30600
32054
84493
11991
30403
27726
32867
53174
53211
53694
30096
77218
57083
22760
52354
63765
98678
52513
69460
31969
75122
4834
65478
60415
40045
72055
71993
75944
18817
6630
24879
65768
38683
9371
77758
85437
37097
26976
54962
6659
80669
85057
83876
37751
24169
36229
1516
22846
5093
87327
71167
80214
92160
36644
56980
48557
25050
28972
40852
43866
35601
65730
25985
74283
91452
3743
76072
28548
47070
31033
51558
44091
32442
51785
98193
56610
88013
16060
95807
93105
3387
66973
89670
11898
19969
46650
76806
61370
91973
17657
21588
27574
99738
47572
18208
91190
67666
94279
36089
14736
25312
3999
75178
74105
55783
73370
30714
43796
89430
42872
53252
92816
26197
59274
21065
62517
22275
97871
40238
14247
31879
61825
41820
47969
25749
76380
39158
9766
70658
91598
40853
12321
95596
16030
86425
67731
89400
33490
11526
78829
76362
81129
87996
18910
56754
9060
81426
79028
23282
21663
93275
55161
99840
51446
3129
41940
27825
58638
51705
14835
50235
92558
43507
62183
24939
29932
29913
14338
79773
57790
93166
72486
55270
81161
91395
12024
6573
89172
7403
29854
10835
17029
85014
27026
84827
4494
68965
12651
63131
20669
43837
29718
29578
87344
8252
54517
33627
54516
85206
13399
12305
94724
85885
83926
92236
77279
12301
98808
66451
19704
28662
93637
36732
30027
20662
21558
50873
5978
50561
30355
42998
94397
60072
72576
98092
84675
43444
31718
39190
45001
45117
67846
39724
31001
68124
31960
24631
80424
30767
7433
127
75780
17421
53211
22159
54434
74768
73031
60411
41680
3385
3409
52429
79809
92336
50520
80835
52131
82238
20025
97131
27354
4222
36855
74706
72345
85166
15688
52769
15932
39473
69247
8064
73245
22457
30222
27679
13577
19604
4441
55256
39340
7849
7684
19148
16536
58204
99983
85018
56793
36359
82149
498
56932
35355
75203
29277
20520
7242
98397
52803
63066
83995
60866
36311
6452
7439
63989
36380
43394
84781
91635
82734
8982
15671
1881
25517
90226
18215
10535
47018
70925
9035
47515
27857
44389
39069
73485
81260
46310
88233
50414
25728
72227
27632
62038
95030
35070
42378
31409
78464
27158
39396
77549
36139
71418
79429
78008
61643
13996
88542
25012
1272
13928
72526
45480
74668
27946
18964
55927
90607
23548
6340
16334
95775
50323
78371
7156
1745
37100
54917
80208
64258
10664
74108
16748
82081
69888
94755
43723
83883
99648
85086
1507
13575
73963
46986
88242
1908
65950
60520
92514
89497
83212
25200
1623
33534
19922
25131
35278
57022
80047
31837
37631
90710
5944
54378
72790
75832
65485
32864
59714
65132
34301
61220
95059
8263
24558
83300
10170
90507
43820
19035
96355
27031
44234
14330
60564
64156
39460
95842
21177
35858
27678
58807
26567
49974
29536
15708
25805
95020
64923
1870
76504
99223
79442
71562
7485
3999
54861
17654
10857
15032
53040
7211
58414
97274
37892
35330
61429
77351
47523
98957
13208
91552
74115
56126
41525
20002
71833
67329
31374
53107
69199
7877
52329
48640
79438
59813
52638
50650
93818
63494
82034
46858
87056
40447
60483
24948
75776
38263
18650
39650
37219
48210
31202
27685
20687
72726
47686
92520
40055
79059
61978
9253
3287
14307
74244
82724
74119
26881
49726
84289
6726
48111
47498
93781
4909
7980
35080
97037
46242
70082
36686
99812
18291
67887
43848
38977
40613
91533
47848
97019
86944
9826
22623
90230
40484
96866
89306
30954
40098
55383
15242
46823
3493
79091
56955
8401
87070
8387
21789
49663
78468
58475
65826
13110
26361
26025
68438
66973
33910
32638
63991
20853
42463
86613
27434
99298
99830
33091
30251
39927
4825
61845
3101
8317
40935
60056
33070
44357
84794
54858
10371
63261
29684
76197
76370
56045
18573
61159
39369
52482
93796
19712
73334
52610
22676
17120
51907
22506
50210
82158
78784
55035
44002
81885
79703
1288
58292
29124
45644
43085
334
56015
22697
30017
48563
15418
2413
67135
76576
41782
35969
70372
61493
9302
22981
520
42773
74888
23025
9335
73397
1809
80721
33750
45
76775
35037
58336
5899
97033
17772
22584
69399
40468
68952
34313
72237
71365
17799
48812
13146
53767
19183
90990
63069
58516
91509
22193
49755
30886
31527
23151
49046
12247
56900
49090
5374
8288
23777
11272
5320
57900
50207
91070
14719
19158
25382
86955
6874
43181
35766
20019
96947
71301
27360
76367
46168
35221
98560
95922
66106
46438
19072
15151
75037
92323
80592
80410
16962
4368
91681
38634
78619
58239
29703
93337
93748
55085
80291
622
98265
32408
36992
11563
3708
64352
87930
49875
99572
86489
62148
82029
32926
97571
97179
24314
89893
94122
4723
23207
14841
12755
61840
93459
70993
91542
86795
64741
62978
67085
65362
77594
15844
2353
89157
35904
83056
77086
2130
98979
79926
64278
81007
29203
61848
94537
53517
68093
88658
58239
91299
3498
70994
53138
96956
41986
61031
83750
23078
40361
67186
4791
17954
99382
23496
7110
35285
6551
84195
37414
21882
80472
1691
2888
9675
79891
97425
63191
47983
2434
21429
39281
5932
8774
8770
19239
67112
86152
2989
90189
26512
86526
94980
60818
2259
34827
67927
37543
57729
68474
74957
79610
65297
92999
98850
74971
72889
12626
38161
37223
15059
75942
92855
20990
84715
17976
40229
68178
4128
59569
58367
46991
62446
69698
7808
64705
20876
92087
18599
78604
76912
93555
58214
42208
2906
57063
33531
92146
86040
71691
29369
1098
63984
22223
22088
65051
40199
78668
33228
60678
54588
7946
24020
33385
93995
31828
98089
14870
40266
16688
93474
33529
26594
68039
92088
45851
41453
25618
37997
27492
13661
83717
28589
77644
22291
67028
59046
78841
62047
8626
39518
16634
16571
63538
50019
26918
11717
64459
41787
68334
97498
35260
18214
40444
3298
10301
2646
61102
35919
56994
88593
49579
40710
17182
43574
63001
561
18972
41841
62608
27597
97711
95593
60519
77600
61963
87436
5668
42774
29223
74001
56623
80834
92214
97066
484
2514
16064
61585
54784
73057
50178
4362
13767
83711
64288
93119
84271
83259
51311
63230
27207
65373
58823
87725
42972
37137
91513
48639
79910
37087
38991
36533
17920
31204
49950
18403
50070
66013
96340
21205
39070
46517
41919
69188
46579
6206
62306
47201
5816
13616
10431
33022
78989
85605
37098
38312
22741
44962
86951
19003
82048
42293
55535
99968
73497
21836
34722
39918
87849
31061
61122
26918
93929
3040
96105
40507
25597
74762
4060
31412
4729
30842
80785
69
16446
34235
38381
55538
79196
41683
74540
61244
83975
46426
77563
73823
68262
12284
13740
56110
59697
91214
99379
69977
10605
11835
26836
36202
2948
30895
83965
7676
61736
81102
7745
94533
15336
46125
50070
94531
87807
40962
72126
71781
3739
49688
45604
72000
78324
75695
44461
54372
83260
60191
24348
10217
72025
51183
62770
74972
82077
46734
99000
60164
44187
6744
54696
59522
52868
21118
70405
57026
78431
42530
45158
82169
8570
7113
70521
3245
99160
14981
73968
82419
91524
98315
8987
79900
65850
71756
54872
64278
34842
70223
24442
79028
76966
95489
38550
46185
32958
25306
3210
11388
67835
64719
9909
92756
71832
96781
12352
70991
28113
86319
69761
19636
986
78748
99536
66835
50503
70759
31112
85344
40981
71905
80724
17946
67394
19273
80482
351
44578
83691
28091
28764
48409
54351
37872
36592
51131
50223
7582
79243
52894
93695
15231
53879
88794
14766
37065
39296
85524
68176
40992
42856
40081
38067
60801
23826
57339
41282
40528
18268
41324
84970
63383
6084
55672
1254
59028
6802
67829
82961
2397
37074
76655
33979
7304
65448
48744
44368
21096
50619
12543
78439
93474
68975
16505
70626
9152
90195
28259
49680
24814
85934
51001
4548
92017
6673
22154
51044
29826
89982
50357
32222
43407
27011
82552
50710
8811
31295
95077
29906
98265
23971
24696
91738
9298
57552
62363
18449
47746
6973
84480
88911
92906
35481
93458
1275
42153
15611
68670
71978
21944
19026
20552
65350
46037
3103
16059
71199
50750
27487
17456
49014
51458
42151
40752
60755
99702
19466
79203
63799
42791
80035
69061
35696
15515
62518
36970
74019
94481
21992
45996
16424
41017
82899
98126
3405
2354
30536
74603
53103
58023
92058
2116
9480
50560
59219
70234
50261
95037
65788
30411
37827
45822
15823
89874
77688
78341
43196
51706
89173
65187
14054
5596
6203
13304
20073
25960
15657
50609
562
68759
8631
8972
87227
18110
59531
46445
4695
26144
57833
86834
72906
95659
49008
88729
85533
26695
67069
45080
94753
72593
10266
25158
94540
16468
38461
14613
42427
54118
65221
59341
39228
73851
68312
26454
8312
27842
89251
29358
70337
47083
16191
43243
59094
65198
31971
60978
8245
15391
6057
19349
87983
16322
44506
82522
49141
82966
97134
7920
53435
78706
67260
92663
68908
51923
19116
77219
96116
8366
22928
66453
71801
39119
9695
30894
20668
58017
91871
45264
73407
14279
64612
77741
30600
9117
60262
79740
92083
73748
87659
61869
52453
71270
54531
37713
23192
89999
31283
19308
14716
54211
2112
86516
93329
11806
33761
30348
86174
41983
75612
59580
56261
40223
37320
86860
49340
13933
82952
57774
87680
86962
19642
56485
74584
90525
10549
97775
80523
41831
33434
95238
96041
35545
81754
5721
63702
15514
36069
49875
73849
11680
25806
30109
68254
79477
33321
17593
93410
32624
91718
97441
35937
27712
70277
10520
18236
80825
24647
98758
22656
58080
93995
35048
9977
92100
40769
90030
23966
76837
39905
97814
4868
82062
44274
73121
61539
77594
7066
54948
10217
98783
68740
46154
42846
39017
73025
61081
36193
97671
76190
58848
72103
70185
10248
82079
78636
51016
88460
18953
44204
44716
16766
65423
26778
61040
38543
88316
54985
61960
59615
81554
77095
28354
27707
19940
67370
17083
97373
19915
14754
73562
95114
86856
43746
5361
85286
38734
56376
73745
57686
16931
18461
90804
82353
45238
68195
37248
49905
23179
15559
9519
4732
92653
37872
48790
12593
21594
65873
9965
41508
80626
83526
36621
83833
43624
58334
69118
98709
31061
42862
56394
47992
77674
47197
46696
22911
31743
295
72815
54922
15854
98685
76005
8506
52909
24795
37450
90854
7019
63766
48713
3996
63644
1685
87828
23619
60018
73297
22327
91079
32510
95072
39070
10184
58621
2117
49446
90363
2412
22261
45284
18265
37297
21289
26770
90205
62435
80572
81058
85805
44337
29770
89800
7980
47807
77627
47950
7824
67275
70276
98902
99784
65348
54323
9967
40320
56440
59413
30682
75203
98025
92318
93467
35321
29958
36588
41878
92392
17159
39287
78196
77848
85409
84347
2179
33215
78325
50129
41038
45599
36756
39940
45382
2103
10614
71701
42422
83405
31113
89456
58607
45489
81773
68425
80809
11730
5013
39038
20473
38523
78325
15020
16370
63733
99366
18549
96947
77690
85029
37984
39640
21784
94275
85021
40239
21241
73073
99012
4645
4185
88467
79604
49673
70239
48028
46834
98320
69392
2223
18792
7915
80547
50163
40636
44279
49528
75536
57577
43569
60564
11913
99560
82348
6187
84581
38938
43779
74005
37949
48424
78190
26416
28027
44214
13006
92406
7399
27678
61798
9622
62821
69712
6520
12984
10347
67151
78863
2235
24727
38784
62798
36639
38343
61497
59178
39275
434
2956
13280
54735
51379
7821
81150
95757
52034
10507
4515
75785
54536
66312
1758
17357
52375
8277
46692
79073
75427
25554
81307
16506
80689
60457
53144
19032
21953
12321
58306
38739
15277
87937
93473
83007
95757
90974
95116
64143
1480
15982
39927
72368
82293
41684
89724
51019
66312
36415
46443
58091
78320
27750
74596
59009
88206
27739
94392
26510
56412
52697
65248
88040
40634
58720
87398
52742
49693
98865
16884
67525
14846
56810
39892
13490
14845
45967
64508
97509
98733
27303
55599
93404
55052
30194
52412
59609
74284
46803
2470
47047
15852
67718
35086
72837
42789
38836
25578
8834
37700
42462
76358
52546
15623
32601
82387
46820
94919
63247
44328
93651
90549
16278
87054
61952
46471
55818
37912
37106
18972
40381
84153
51175
24450
35590
40363
67239
74425
65941
76072
28477
24754
68781
97374
56728
1381
79760
3547
12651
43006
47874
6301
33554
80503
9706
11857
26973
81875
49768
80431
17199
90149
64583
68373
30950
16524
8736
14540
90949
91028
6963
35777
15781
75743
33150
72508
93475
12909
92407
6125
72267
56632
28777
22172
37135
54835
34029
64107
36709
148
60889
53907
6648
25471
38632
37598
58347
47367
52137
49295
38394
59100
1423
70526
51194
34572
59385
44669
63832
51791
67145
52450
8423
95922
74622
45557
50756
25002
26015
3816
25149
86904
57723
31797
28726
96354
69394
87072
60072
37882
52718
14817
13333
54140
1694
64527
88711
61078
25547
68895
12869
92691
21344
37643
4964
12317
83199
72071
37318
25565
75887
78819
12468
49961
26967
57546
62666
12712
44617
39089
50593
97335
53905
63926
67826
71950
28452
72889
33027
53998
41783
62247
63040
63126
99889
68004
91795
99439
56426
29112
25004
32312
24282
53823
98624
51248
11368
61289
63959
72337
16729
30904
86023
70633
94829
53848
58934
39632
26736
91961
9981
84870
70559
73020
64348
70448
57375
56142
86238
13801
1605
27593
62464
25887
81416
61088
93486
9135
38728
57445
81471
55457
88348
67493
42441
99528
21341
1375
55511
64428
9687
65491
49298
80245
54862
13645
67044
12237
69786
53282
42389
87742
97226
21204
29980
78641
98643
23466
87776
53723
80910
85598
25531
85609
53091
67971
1488
90783
85697
56998
55210
11735
22488
20859
8332
93701
50855
75375
5937
36992
45008
64677
24734
42234
2233
54713
37226
875
78178
25001
54597
75439
26951
80127
77399
80041
64450
78886
87175
66498
52235
58736
78233
74722
79595
86564
68423
46801
78290
90711
83793
23298
71740
8526
81883
73972
79590
19108
91198
57768
60461
45795
49558
87411
42273
43309
83803
6722
38546
70977
89572
90781
46064
84156
81854
25658
87071
66628
72459
65360
73691
72603
5009
45430
81128
3243
35753
77069
22351
26950
51188
99163
89096
746
2925
31369
44054
3079
54442
98951
90407
44013
89731
36470
44520
71585
62128
31590
38212
50938
13302
11902
23540
18310
73683
21019
37905
9435
98087
60255
52737
49275
75769
41832
66372
95045
73200
26777
98123
43994
25727
88529
88006
15458
24998
48878
3394
3477
80467
41605
70766
93768
69859
10657
28430
43541
31675
66334
69328
46114
42940
22064
11740
35060
63895
78111
30104
53447
4887
44578
97440
46965
33106
1797
78774
74455
50674
82167
77932
31141
23772
65049
41260
93630
75706
86041
53522
23732
68726
22849
69845
11665
44912
81584
63076
8807
76046
93179
62253
97284
37756
59692
44249
87213
77840
23022
61668
28514
5189
55951
76006
45312
20999
33617
55293
96704
19658
8814
20436
88383
31663
6632
16400
76574
4568
79475
1732
80613
89006
80336
77897
26761
56379
38497
30326
34219
61518
8345
62732
83058
64295
38737
28369
1645
72353
83661
98349
8362
92475
35136
13097
40489
58119
29496
33414
62686
8970
35146
43299
14327
15481
21195
41088
71860
59691
87765
22430
37560
96109
85161
36970
76755
40249
65338
78399
28953
65351
93099
37315
74177
28234
50411
31017
86353
96258
64430
49038
21579
99575
8688
35906
31408
46234
93345
19619
22276
81109
42048
59836
93569
27208
96805
70323
83808
78494
48721
12760
60196
41820
66426
50724
86405
16836
81740
89109
29445
46170
54499
51024
62096
63186
86929
93503
9420
80273
13121
31695
61381
55168
7882
54949
98727
21038
41623
82534
15884
90343
11646
92431
48514
78071
43155
34919
94907
24894
40379
40703
71063
94877
91726
33159
74415
78654
43013
186
58926
56134
31880
36658
27653
56114
7958
42732
93503
65932
41617
9386
56275
53262
18169
4788
31333
61323
56058
42591
86216
96437
83293
73631
91313
75019
23141
65727
70024
82505
82264
45302
38638
30496
98311
82643
86609
6269
41726
96463
72200
83342
22201
44826
36604
40369
65966
67936
1691
22023
26878
4258
34811
10170
94240
42476
85188
33732
24554
71564
16237
6818
16865
71226
37313
15175
70220
23921
37795
11945
36735
26347
95287
58935
71172
31890
99303
53489
16177
17345
75512
43054
21603
10322
53223
32194
52797
54763
65926
77351
26326
82162
84168
43190
53387
37832
74716
23607
61752
12511
35551
98486
38857
47189
73773
26380
79078
73075
79869
95254
90420
71732
54659
28374
98405
7882
60567
67554
78996
26492
61256
5321
25005
61775
64862
78392
99606
55929
18350
77709
68439
70252
92546
23647
17441
66318
66379
12870
39393
46247
24476
46164
34330
79134
74537
32734
3367
51455
16639
82362
77947
77894
4034
2951
56020
85247
97694
55625
41176
32395
49685
25966
18999
42231
49613
52791
8548
15991
82012
64292
78589
6487
10455
29270
85621
1343
78355
88987
52798
94994
87701
47096
89239
91734
66398
45259
76981
64092
17235
18156
12838
66920
44121
48188
25502
10085
978
34049
42427
82990
98341
21015
5828
25147
66636
7800
26490
44991
13139
79287
39984
839
26382
45574
92572
92779
90832
85904
73222
24419
20411
2412
7690
80884
50599
33191
90968
67929
83591
33395
67270
98283
70761
73097
23430
37397
80897
49919
82387
94035
45557
38722
11225
71938
84295
20148
81068
91479
6052
70642
32249
26462
73053
56290
7345
40003
89480
14665
7931
89422
64411
91552
87705
51523
64649
11134
88919
61897
77404
87657
72283
22960
42730
83507
11249
27025
3654
92316
34855
9705
62957
67103
52519
52361
23392
76215
92364
29223
90879
16646
34996
71641
8198
39052
23164
89198
50185
28434
51094
43940
16091
39728
66899
75172
23234
78147
18548
26887
86815
53402
52944
66123
36856
5462
18484
76599
98028
27199
22173
88907
60196
57169
60547
68393
12572
83710
73942
62757
28496
41387
23048
44586
81114
89947
36109
4347
84445
54657
47586
87611
24410
529
53734
61266
22342
88569
54216
20369
15767
76389
25627
75962
49909
2526
60707
62480
2587
51000
41588
31082
92387
64636
92019
89852
70934
28128
94199
71730
82784
58136
59341
7193
58664
29426
84810
97357
17994
39026
17725
50112
31766
59704
26073
81674
62229
3131
60505
64815
70483
18445
95897
62869
83080
87915
52720
70365
32394
63270
58446
15177
21405
17786
38722
96420
47211
23531
10128
81556
78908
44205
31667
10673
3908
74092
8698
82488
77222
85555
47302
47704
3999
59550
26924
3430
63817
95996
90146
96210
75617
48591
27739
13374
66377
82812
26145
29939
22694
36273
27847
1602
96829
59513
28626
736
33604
37324
99575
27178
39230
46876
91233
43228
22778
34509
46657
86594
30504
36802
99155
6120
1744
43245
35845
68120
26056
61990
14411
48750
98262
42257
66703
95090
18121
95328
12177
51725
49003
11751
95254
88232
74978
2838
47811
14107
37346
94467
17052
84201
47620
16207
6673
49364
75803
42517
33835
1859
4506
64597
66960
19119
23205
33662
30560
41326
28989
59088
9402
77992
87190
4655
82575
62168
23844
30386
92626
61190
41204
9678
45390
5176
25884
68414
70891
18038
10931
21077
19896
31788
85674
86855
50907
25230
20516
97818
66555
65857
56906
92308
60200
44095
13314
42774
22614
37158
89511
31592
98347
30715
41269
60088
35890
83504
28502
23132
1541
55784
44208
21437
87571
29881
24643
38477
55111
61511
52647
38017
27367
9552
30325
3918
69998
43638
46691
8964
80795
52554
40555
95493
83268
98175
71933
35509
81678
16786
58640
83218
72569
2847
21006
60139
49080
45649
98616
20542
23511
51262
58558
50877
77165
5234
71146
63514
65224
17836
88829
62370
70389
29383
74215
70008
43909
46147
21868
25586
62932
96859
25156
35500
16058
46161
95638
81489
8161
10605
2030
31671
78218
76939
98899
71734
82173
70044
35248
63748
4232
24076
26117
90972
69811
331
77332
13719
62829
99199
55657
25760
12410
80812
77611
28467
43324
73249
9955
51485
205
11984
99507
78423
5274
14758
66508
3798
84801
1755
67545
5384
42183
93662
96356
28345
10344
90039
58415
73173
89237
14071
15284
1646
11234
92895
46464
54558
66143
56418
22394
82699
84753
21900
77473
90027
36657
43981
93824
37810
62087
61369
43193
20621
71382
55900
48965
98077
45938
7380
71249
51527
37802
86533
69524
65388
95779
15988
19945
78273
72405
58690
60971
73510
80589
38444
63536
33598
98776
73711
71407
60862
51431
30951
81483
22812
3203
46799
37241
49140
70530
24841
17018
8332
27725
86542
90071
23503
18881
26367
1775
7637
85056
62746
81146
81996
17541
61033
15593
16316
34744
3351
93529
86174
50654
75011
25338
53856
21810
62578
19347
92339
3770
36365
17022
31495
39258
23444
54997
58138
49810
56772
82126
34865
35869
63272
33213
53409
24304
48805
86076
75399
68508
79604
61573
19161
70967
3262
73016
92776
65839
8714
1466
69608
45078
34840
17454
84335
58283
72451
58824
8093
45574
40950
59309
81442
20573
92521
51202
61228
57678
53629
36627
42537
33232
14551
61697
20550
17812
51064
29677
2
59777
31143
85961
21207
82334
3415
21893
40616
75865
80717
65060
37790
38018
24369
35583
58590
33241
86784
19817
90918
56764
72795
49806
6347
87345
27854
26897
5156
95269
56573
21509
71398
4067
7470
92604
86400
10884
14496
27016
3100
11564
92075
40889
49581
32795
76471
24522
66036
79606
60691
73305
52721
33485
23111
59067
20830
67316
85963
42337
62585
58888
63846
33982
62954
87667
26585
49354
98550
57432
92721
18001
68996
1147
58889
34928
33942
51711
59450
16329
47668
20140
5985
388
53624
45447
59454
90805
12763
61769
49494
75347
20656
29691
9328
83609
17357
52264
49314
32258
9695
42034
50258
78690
43181
25498
29970
93474
93560
89419
26154
41227
25910
48490
41614
95885
93937
17419
3042
23051
79187
52535
98397
99842
98577
24076
99803
32285
76339
49116
64542
2385
7502
31151
97427
67034
73000
27396
76859
66559
33166
3012
7785
59075
67853
65750
54959
61789
83168
58000
1191
78707
26886
15939
78548
25462
40014
94702
74098
32704
60170
54991
51441
67671
86141
48867
34704
75492
92614
11562
42050
25779
30925
66186
84853
98777
31935
39811
76918
31455
14163
78108
10161
41048
94047
5060
82862
50412
16114
56959
99468
76283
11950
50908
43953
14442
99774
95008
89934
92387
22921
31983
34517
53845
14521
19369
68973
62807
75531
62242
94261
89693
56702
20773
30741
67100
42185
13602
33863
58298
86912
33330
34580
98861
84237
78532
13303
362
89891
19588
9100
12811
67922
43616
83007
82442
62984
68331
45249
38515
30573
55861
44559
3626
76634
75299
70725
18818
5252
4587
93467
8516
54269
28046
7376
38505
22929
37030
38867
12819
72969
64318
25629
40891
7934
8635
39684
70917
76965
84932
25783
23889
57145
70342
43866
50130
61992
14590
85299
83596
35529
78765
92111
89797
6810
99486
44653
46090
52868
99871
58908
25836
64189
888
83078
72122
25874
22762
59390
2838
24045
85173
43079
81189
71866
86944
31318
33857
17886
16616
17452
69766
95380
9562
75914
18541
25400
36918
64630
94619
36789
39889
36806
17329
40776
19884
5802
66649
58997
65191
85839
83041
66715
45269
64230
38580
32212
11899
88789
66449
28515
6240
36214
40246
32154
28479
75139
73905
65397
39768
84875
18537
79657
21680
35865
36784
57915
41666
3433
16911
23208
89271
99952
89923
50891
80533
44854
83102
92431
33642
65903
37297
39882
18468
77543
88387
46947
52681
62291
12343
8800
63517
30879
4808
85196
83095
41592
43111
24760
61376
76373
47967
66998
76324
54241
17888
73208
99095
17341
65639
32736
83243
19287
88969
1711
13181
93707
48657
82213
72349
77351
91013
35865
8229
12172
21061
91323
70115
80523
32434
31490
56895
96752
98487
49571
67345
16374
22778
66439
33715
4768
15526
33309
40407
20847
35019
53587
14553
83675
35800
86902
61025
43164
22766
85605
71687
60178
93279
41802
40700
25712
73291
13947
38816
71778
79869
6160
4503
18998
72598
54569
23766
4475
87878
80524
25321
22896
34110
39874
22923
86261
43127
299
45776
65892
85904
17463
42422
95534
59264
99473
37598
48906
13419
76413
20683
93287
82572
41538
28637
71521
96106
68754
92347
335
49277
17668
23231
99738
73893
62505
85999
17019
62803
31774
82910
65058
65588
25331
76944
24851
24804
14541
90109
54574
90953
10791
64213
89876
68680
92849
77748
81138
61602
70094
81472
27230
87761
21054
26967
61653
83558
12965
95023
62713
61091
77933
44122
43030
19615
21065
84233
60770
35605
74341
31696
42909
1483
12260
32784
70163
5108
10531
51300
83061
96977
49123
10290
1089
70177
53608
62742
70086
66573
57764
49150
44015
52048
93272
87044
88015
14336
71276
65136
66293
61968
96831
9201
63451
9090
58337
33613
30549
85219
1264
29961
82195
66738
56602
83284
36914
10210
62377
23352
93134
36492
72501
37148
4892
82124
40543
92906
12812
28171
74393
79104
90138
71224
4656
53588
96665
62992
3552
43566
48211
21167
73526
46757
87905
30128
30040
41170
40337
8768
64521
49822
61612
53374
86969
66503
35497
43863
75760
48308
72033
50152
43763
78523
37727
48419
48462
34392
11410
52014
77957
75972
73180
67834
22729
61084
97961
69120
2254
54649
94240
83126
4470
55851
36499
7790
22353
71996
68005
98112
36655
56389
64615
80418
34911
2342
28836
83373
36733
56597
51738
31041
48921
24917
98874
71649
2353
13187
57120
20958
84187
67711
4083
5009
23561
56934
12798
62265
45281
80802
60376
81935
37191
41343
78704
88453
43684
23891
71825
80416
80488
39914
27808
29408
81183
26681
17408
83535
56219
90879
20844
40406
58590
24926
45414
82150
98211
74563
44415
43491
55365
21142
41778
8907
62484
20481
13711
22519
44372
1888
2934
41211
41801
30741
70618
22983
73774
4377
22869
46344
95255
43712
86749
53844
84990
48514
52346
83200
23077
13112
26691
94793
50605
84820
20051
29441
5300
33761
51959
66023
35648
54893
7233
77449
1985
94202
16783
92110
98578
39652
38454
93833
83363
41554
64028
68352
90068
16373
51552
13144
45836
94594
24288
96441
95765
44338
25881
1064
78098
77839
83439
13746
49083
7023
7546
67420
1225
24328
75881
16154
63979
14334
26338
63694
55888
90366
32045
62307
23090
99948
91802
85278
10893
16089
81718
6657
60426
23950
24073
38523
1788
7511
68620
67223
30885
76165
50994
48461
16845
26874
64615
80823
57560
90952
44516
29799
97669
92913
92105
37111
9212
83906
22388
20105
99994
20457
26761
60419
44406
67185
15293
62545
74695
83913
46119
21932
60077
97112
70392
76921
23986
35006
74096
81545
42310
34963
27695
56330
44227
19799
9792
53439
20056
32179
73543
20049
68987
16655
96819
13392
83840
12111
92289
74886
96023
38407
96817
72452
35519
67209
65724
75856
18566
56171
73752
77227
91134
1446
33557
51712
37596
43348
5150
57651
91879
95044
77699
60865
28051
90869
90609
28242
2979
82897
3127
15354
21303
16296
87805
73173
99856
69880
49028
18421
26051
39131
95648
33536
40576
45556
85247
94523
88903
6749
52173
97133
18144
46223
57998
46194
37091
48606
74435
56422
31502
93914
71775
69156
10209
75931
42329
10064
62162
91356
44836
88212
46839
56835
38099
3766
2390
39698
98289
7645
62798
50461
4777
80941
13036
62774
43487
66478
27731
17921
22899
75584
11834
11025
44740
38394
3307
87068
64809
65469
94775
9645
70032
41613
82831
8131
45379
85221
64180
43667
9217
26977
10479
13993
7917
39866
93119
51403
6344
37201
85676
45594
12785
13861
56619
57524
52255
59925
60943
33415
41745
55717
43059
11777
13682
42242
36259
75412
27462
438
35430
36678
27414
45908
67022
51682
2126
60140
3085
8469
97341
5112
54062
26477
18972
27032
84000
87578
3309
44942
20993
45053
17010
80403
56829
30691
22644
93087
6102
66457
93524
57883
3134
37289
3791
86508
88971
22268
62999
8407
30736
60339
13518
1149
86815
48841
28181
87166
36419
31489
48459
73763
76541
65469
54165
49722
12511
93161
59160
34965
59617
69036
92847
79103
6324
12989
65610
95294
35256
28608
3700
82343
5299
33569
83492
8465
82410
28024
95631
18828
59512
60441
8942
52404
25909
63106
18477
54772
56266
77637
6088
32235
46672
15286
11337
69347
28275
76946
64641
79882
21905
84692
78577
27203
18261
62068
52020
17022
90091
47650
52201
65954
8090
61142
18357
50351
24247
53186
21474
96865
47174
43913
29099
93845
59198
40435
79543
3824
33732
60535
58
71988
45227
78634
15543
79839
40701
67562
96860
47143
31563
49060
13096
56004
26553
47804
6354
50799
989
44179
64015
48162
88091
93113
58358
63641
49899
54253
67464
99982
14787
67521
71970
60013
46154
87512
56203
3206
55073
69414
50348
86635
34825
79795
58990
61377
27599
81696
28528
44939
25874
92542
9453
30317
2007
84162
93957
51905
38414
77772
51887
53201
61645
40208
29565
7798
27719
2120
27356
99143
71533
94055
2129
22710
73850
61118
84086
17800
42813
12613
79090
85039
5155
4894
15355
23513
89056
25663
75417
27469
3434
43655
97021
65078
83862
42938
89228
27932
45057
32935
43426
16589
43341
61906
55650
33542
39376
39736
51341
98540
68700
46783
83578
90206
51676
15284
13718
40731
57298
89135
84552
60732
49141
97924
42161
49355
40861
47740
77286
85917
97026
37064
18858
40367
98969
74507
73908
54696
14242
41601
53236
82942
88383
36813
73147
56410
68449
3217
13493
25746
92351
98044
2829
57843
95967
61342
7197
53180
25433
835
39096
22459
37898
57953
62825
53218
48812
53084
7914
79405
94684
77501
78698
99418
14313
51845
55828
99113
71413
69320
24859
63763
83715
44039
21605
96033
5380
45154
49212
30813
45988
4660
53271
237
78964
32447
53454
27775
85530
77719
7180
96566
55219
85877
95983
85884
54073
68162
1348
25485
53833
26206
5599
37547
86597
43556
49932
91976
88709
15495
39140
51048
36506
92410
51284
15470
41208
21089
59596
43090
15160
66775
39655
86730
69004
35637
88965
39428
3799
90313
81265
57631
32870
3215
11530
19466
46770
77813
11442
51830
9659
50581
2877
46165
59343
54160
77986
16902
75249
37581
59991
90408
20708
99645
93489
6063
35282
82454
45490
55432
72766
43106
29414
5635
46321
57295
25101
93090
51459
52894
44920
61118
3474
47796
23634
79168
18308
1619
96070
9908
55551
56060
16667
76258
55705
10155
82320
7338
92608
27810
79121
81725
87267
24886
87360
33587
82181
28812
26677
33639
81705
87948
11108
1530
52095
34741
80698
70402
52711
93119
96661
8262
49178
13327
84519
21234
23482
66839
44923
32441
11000
24043
14166
98266
48929
17877
31853
47461
46688
74881
97451
44744
62828
8559
46273
31274
43299
43322
18028
12362
36440
14688
20623
1970
28015
5141
23203
67848
88331
84478
16640
15682
24872
47157
30300
90152
65033
78504
37612
28072
69736
35063
72815
48915
43621
35440
80188
3271
78761
98215
15632
31553
29255
36254
33522
57269
57747
73076
41468
62429
57553
74459
78111
82425
21616
24762
72576
86648
3265
26540
31072
89352
61602
20238
38266
21574
55677
18453
41196
34438
33020
56828
65990
62274
9433
15863
35894
83531
88938
77361
45960
46491
51819
40422
28915
89786
81535
17842
92786
1151
44381
23857
90502
22334
44094
28767
60259
99771
63571
1455
50560
96590
74634
32901
58863
418
48763
11108
83949
54052
4820
46260
542
72991
3033
45808
62776
919
80002
55561
2069
24382
79417
8922
63068
23511
37688
23326
39633
17610
24780
6544
14200
15765
39444
89414
16183
4558
522
16483
74961
5341
79094
75503
78331
82126
37662
41107
83044
17663
13019
1464
42045
92436
10385
21464
32298
64424
44789
88282
82033
85921
94825
12584
1685
50620
1998
17867
71529
18871
34349
46489
24211
13442
38343
18894
11919
76005
76352
11314
93667
89370
29129
52063
98157
39513
73526
46806
20288
34667
35087
18673
20587
46263
31256
22271
13234
49605
56490
84762
68475
7190
47603
9038
36984
85945
27931
48902
78301
20634
76568
71968
10003
5696
40382
24512
61561
30260
71317
98200
64926
6404
16872
85512
52666
48128
24134
65900
97732
96975
67013
82559
4165
14615
91596
41148
16912
35878
6401
95212
56511
99320
83531
66513
21368
23913
91024
82928
54172
62341
97479
35449
85096
14351
37312
54113
78830
77797
36364
92913
74772
3377
91823
78936
34343
83418
36435
51254
19295
59187
62818
75805
58507
46348
58670
79874
86612
66045
79153
57135
44737
76631
92583
29832
7333
46246
297
2514
24043
36660
11779
98814
40036
3601
94101
90731
87019
30535
41984
22665
89721
21153
14822
64579
67501
73491
44452
54112
39535
39956
11247
624
32939
20181
30455
40271
66427
47103
59137
90469
83763
70915
5634
40150
90867
99734
30880
94237
46620
89216
16902
36340
10368
31723
17271
77868
5213
61722
48332
61099
18030
75930
78074
50968
12462
8529
7590
78888
71983
66726
85708
55745
53992
91341
95895
44859
7426
26774
39095
54045
15989
72348
6737
42709
4070
24007
36928
25634
85728
85259
3085
20109
77540
81158
71076
90002
6038
78666
85241
78021
61743
70949
33765
15735
78641
46011
76945
2419
72785
32391
56463
5125
4739
63199
47833
8808
87205
84761
50794
89285
86371
53878
9393
63911
35035
96821
70264
41073
75486
55504
35445
53580
42804
69209
69314
37797
31572
62610
40215
4356
95001
96677
25832
99739
76228
90017
24898
63432
74777
75691
69068
77499
45920
94813
41409
97307
91633
28024
54731
67118
83528
90175
37049
26331
75735
22715
80479
7306
85324
20693
28013
96676
33722
53845
12766
9949
43861
54016
89732
34989
46058
75152
12487
91978
69964
70248
89284
61596
98271
44014
45065
81798
50540
82113
24481
26274
4827
4959
33580
6503
42004
77944
3178
75725
31788
15944
2025
75648
69959
8108
26988
32368
83259
39475
24345
69574
9722
29980
31169
7992
73993
92585
6142
40884
74698
30622
67158
95876
51932
17089
2378
93935
95032
21908
86011
43172
54203
4387
18819
40513
12495
45807
72880
12105
1633
97225
81679
11354
27204
29199
35697
17549
21784
41838
74784
96481
72459
41941
8708
40743
75381
27438
51029
70413
49345
37040
29936
3547
41426
48754
60411
70272
10912
33290
98729
28896
46866
80407
40249
90422
9605
75946
7970
31388
17783
82753
44220
6594
41046
69280
47336
32778
96717
98364
19542
46061
51755
49477
65959
9533
14583
26369
96156
25494
76010
94884
54390
22876
91642
10990
13297
1247
3287
37618
48986
37422
36722
9558
44015
77767
78837
7702
10545
75553
22417
30086
37965
90524
79563
20275
56
94145
46643
96211
35990
22652
7447
6731
61879
99088
34073
75175
16686
37359
12792
65672
74780
49514
91581
35146
43632
86769
59199
70528
62321
81616
16966
16637
72139
12880
53263
88546
23376
16257
1108
75717
55260
8554
98800
17139
23994
32872
92313
40679
86582
21457
22702
77714
70970
14282
12859
30953
17402
72058
1481
96074
70025
34798
12710
58515
47677
65972
63412
87404
82228
64519
63120
37488
89425
61919
70978
13418
94790
63290
70448
97724
84746
9502
75437
72067
40135
4647
19372
57537
93056
20852
53610
63080
72001
82672
37946
19677
48643
1357
7080
47223
82228
86551
1062
71652
48470
72039
1421
59611
51680
88220
57334
52778
97721
49122
41196
37856
53769
60567
95392
46824
97770
65353
26256
69770
48024
80553
5798
13019
81910
29229
76593
64137
15780
77654
52140
80601
66044
69912
40211
34075
58131
13897
86852
55852
63018
28048
10059
33138
88614
21802
96314
86384
87154
22569
72505
35178
3121
78303
64548
1382
7531
41140
81870
23310
18793
34009
3910
1188
3920
60473
35262
78403
90721
38466
50606
53738
66513
60664
3228
71478
82465
99541
74213
85970
38461
46718
37499
57933
25020
2046
59315
48902
43185
57536
88564
78329
91545
8825
79516
11816
69297
31130
6570
76369
69595
57175
30107
52459
17838
49686
40288
16654
49226
14501
18976
4038
77570
56474
61970
18941
74872
21284
67842
18056
78820
56405
12737
86716
81582
8604
14883
67230
39733
21453
43599
25679
78627
90057
94489
12817
39742
34777
45822
5319
65629
64797
9356
43198
21271
71325
62138
12494
8961
46331
30549
4132
2736
43285
7199
669
51889
22081
67898
7973
59885
11496
50004
54864
1552
44492
67680
41293
95620
13501
62963
61248
94650
72318
20797
32272
59995
99286
44765
68955
45617
75313
73086
64704
34950
80284
65372
3190
18716
33269
11162
78601
61117
61165
33464
62668
22009
17495
20313
33980
47347
83275
95228
41996
71945
32376
74267
31939
31662
19031
893
93630
10696
90330
58333
61997
86965
40056
65186
22032
73324
92699
632
34440
70216
50447
13460
92224
84293
50124
26203
31640
33398
37782
73635
5342
86510
64254
53632
34523
83284
54524
28152
10331
61205
2836
72327
48169
42891
53864
70201
32566
46563
87184
83358
16778
53983
13169
25353
38275
63292
67907
69914
96689
5689
59901
18383
8550
24154
72014
43072
23789
42890
87575
50472
4094
90410
22798
68615
49652
76662
55167
82217
23224
58702
81926
56353
12684
95094
81705
67311
58385
49611
53576
55074
71651
29828
89808
80200
53981
61821
39623
94122
21062
27197
44593
25156
33958
83742
10122
83609
60403
65288
65826
99978
40341
47751
56330
69377
59197
54386
36687
17581
3997
6614
89006
91999
36442
78813
72199
90422
56986
11821
895
78047
55370
45487
19554
89327
29229
46027
72936
5983
27666
55113
5961
68007
19215
78642
37383
78411
33028
90421
95992
53376
97034
1349
45374
33475
80162
33924
40249
53499
62097
41143
31545
17466
2982
67451
23144
32210
13477
96079
54544
41143
67543
60504
25501
86758
55498
62883
81520
4877
53303
93863
74604
50336
95212
19977
163
91725
53901
40411
45223
32349
97905
93119
49814
886
76921
72957
49447
6750
85388
3991
64244
52930
80846
89744
56039
52695
68978
53911
57571
22280
64125
32174
88967
59336
68503
89129
67412
38755
45891
12634
71103
43796
22105
37268
61033
99025
10224
10480
5774
11963
30822
70017
81245
28019
76112
53635
80714
45089
7545
38284
67368
88022
86810
72687
63709
55312
78167
31121
10418
24058
60106
81520
84205
82210
18787
45237
81235
45362
72068
3360
73677
2889
89729
54921
30908
65840
24907
11621
10929
48804
66256
94648
36825
69417
67334
533
41080
45501
31653
51497
85910
91759
33016
70114
73968
68154
31702
71554
29868
3770
74914
3544
23010
80994
74816
53917
46833
99722
81889
74113
48525
64497
68761
85349
33913
52446
85882
91345
14298
17534
42841
207
25644
92209
86672
15964
76714
18374
87517
6581
22143
78782
26476
45152
76127
1291
15421
22960
1013
13661
13424
49537
78157
82184
51238
28422
50982
37119
36118
81631
71004
78958
98190
13000
87518
84861
28963
64232
3234
32831
70812
41728
27965
13640
3232
4091
14930
35004
27050
15942
48664
56826
81831
43173
39009
49420
87946
6342
2890
24063
87973
90245
19372
86162
3244
6890
87374
48558
71121
6960
81389
58284
48687
9353
71923
68270
29795
86853
3273
56845
19146
68289
13670
17328
11461
69030
66747
15758
91724
85988
39820
96048
76233
59191
98561
79476
66080
85934
28034
53552
92893
25774
28188
57932
35126
110
26201
64920
3314
45826
38116
38812
14114
68137
72491
41926
53519
55590
57683
61594
41577
13854
57641
17809
73044
56201
13637
55476
58486
58022
25379
51379
83795
53566
25662
35272
70028
68214
16543
89693
14039
71011
28504
44504
55499
17347
2781
9017
72936
76815
86962
30864
90668
44602
65025
63712
17154
78661
35539
75640
36682
60917
43370
20476
30835
85383
72099
862
53596
88641
90554
83987
59651
35410
44842
15150
52756
47623
40518
42043
24437
43832
72906
31457
4785
37930
95168
21939
32942
47058
13930
85975
24326
73651
6450
55160
59033
94900
56021
12628
83541
62927
12966
59543
98336
57808
74692
51091
21782
31562
93133
46218
75393
82390
94026
80177
36672
5545
18467
69613
52602
48748
55588
76928
22398
78389
48439
81430
73289
4460
10410
73181
67386
23375
32723
82073
97534
23767
33163
19315
71680
42647
81885
47072
25036
75910
43600
78059
81455
62067
47672
50408
10814
19611
27335
49564
97999
92126
30993
87639
12937
57754
60819
80322
97481
9894
78746
95014
33660
11908
30681
5339
70906
12565
68762
12293
4826
12361
90352
86280
90779
38023
36688
17945
73985
80374
67508
71983
72499
14852
75974
85435
72606
53144
82108
86438
63037
60853
81451
96696
89112
28483
18386
60017
41047
87147
88662
62225
15860
79013
48504
22990
33387
1543
40934
7371
98269
8441
95705
87119
39645
71678
72554
28602
24822
71013
15039
4210
48218
12841
17258
53681
41324
35643
30050
98722
39142
18711
60946
71353
97723
25802
94342
31109
27344
35276
54831
41964
60068
50535
29083
16064
22213
17988
44665
63386
89000
76055
67595
53569
88896
84852
7250
46571
36847
53651
61644
92340
72361
38942
63692
86435
64743
58033
17543
8438
9660
88725
50402
86080
39259
79484
2143
77823
97471
46808
41208
2822
22862
25155
72743
28109
26358
96344
91031
79556
49994
52675
71895
38706
7968
35586
25140
72710
9971
59034
81147
19630
47758
47900
5709
87016
43735
7852
81191
57557
71011
38750
76731
10224
63904
49473
54685
6614
45816
62067
86169
12161
31093
58064
50866
39060
93649
92357
11769
19971
51390
9268
39601
15499
73519
61661
2514
17254
69512
56
74810
56874
38806
51540
83450
2709
17364
38134
25674
79531
200
11843
91691
31293
86258
58908
70352
96258
51264
98473
16229
19005
7740
55829
34503
97610
17489
53369
14863
3353
53424
6025
76578
92229
73916
60027
11290
91280
98160
36963
70810
14712
65157
62501
62356
51414
37760
32707
47672
89024
47531
63900
24380
71622
36080
58883
69232
69920
12251
84094
73272
65674
6470
66202
57903
80386
26228
69192
71665
40740
22506
42474
71803
87663
21326
34158
39076
75438
83216
86747
80813
30747
66998
5192
2368
3077
64074
87951
89349
76324
88397
78972
41998
94866
45173
16252
75251
87753
85443
63267
28492
7948
5741
16646
95610
43418
50803
51038
35207
50370
54136
16019
81116
21134
21211
99836
40562
85284
87786
29910
77960
76182
8882
19957
87400
70406
36208
62650
58158
38002
25917
3001
62301
48009
19646
57911
7778
86800
25300
42985
37170
79435
59003
34637
568
96565
34472
57482
81849
38610
87391
76160
31143
12624
96116
18542
99382
48675
97544
57539
3028
39812
60540
65328
4172
96537
39590
28301
83337
64889
71285
36858
44324
46640
71494
61243
59556
22318
18724
57756
77279
22467
33915
24773
51442
30030
43315
50823
95056
57210
24714
98083
13373
1605
79763
17544
98141
19352
45844
97829
593
33481
34686
44916
96472
22532
22510
56027
61201
41234
13783
38479
80052
47697
63251
47845
94079
22917
15020
5486
96478
39733
3569
9850
41337
99683
27393
55829
19034
89589
53658
19626
39421
4695
80893
35892
43578
3403
91918
4778
60988
22052
59608
57391
69749
22859
5235
63827
62127
20254
85664
58605
59986
89232
68454
17674
88914
12199
73503
24300
18139
43512
60277
57559
64558
41170
93450
24488
44572
1719
45617
21911
23771
5225
79301
9871
28083
887
90049
6561
21141
75712
65165
97478
81296
49971
31504
70209
78521
5006
10860
96659
64869
71137
54217
45778
12306
64018
70265
73229
82088
15882
95139
5858
21106
90791
32080
65540
91677
22128
88452
29169
97840
53617
26647
79135
19939
58150
65695
98459
79507
76555
95117
60727
64043
65685
6504
92700
46054
93121
65928
28141
9002
77418
50351
46459
84560
98782
28350
76236
20910
16801
5405
35101
86769
48403
14235
6707
22904
96281
5165
18762
89187
16633
79488
53229
98669
85991
62280
61074
79111
28207
89215
4464
21976
55917
67274
22887
54698
11975
99123
91959
28776
20879
27059
31896
85633
41293
54955
8536
53926
76471
43649
43112
93104
23136
12693
8124
25478
74972
69198
20941
19531
74764
25404
57858
30680
9030
80745
1729
21004
96219
93688
66131
33449
20746
14379
19081
78391
69333
43968
48668
45803
87616
8131
38906
10751
20823
63382
36228
12147
32579
73520
31677
7342
98924
5886
54373
24305
86630
56101
61660
82848
66140
27791
16296
3238
42169
51728
97980
27853
95695
46647
73655
99662
54777
28913
26764
91952
92294
79344
4098
24872
52863
52126
48565
68138
74363
2937
92442
60993
75389
54102
60192
41529
98244
92840
44766
56764
44567
59097
84616
56614
5743
58270
56275
76871
87182
99391
85174
79475
78734
5623
20698
31596
57748
69262
99734
32111
72198
8527
9455
47587
62628
69646
5467
77223
78837
66584
33986
23404
25680
18601
96369
47774
76871
52643
40996
80404
52033
26170
59879
47118
31792
96928
78714
5892
66190
94799
54354
54739
3325
63808
2325
82305
49805
24143
59527
28642
90726
9865
68397
16405
28465
64765
80530
21687
33759
21526
2091
85792
47695
78321
49261
95838
75248
27974
1729
57789
39124
56082
12528
58801
36241
31204
41105
86046
55347
16983
31039
46072
26847
99435
78829
71664
64199
59358
93350
97957
80883
11792
100
44929
90112
49361
40767
81712
93686
42495
39500
32810
14929
68379
91610
51169
99583
49066
37214
71281
82400
68252
17352
25599
84038
12532
97262
48236
71890
6963
46193
52772
18755
62644
97701
25218
12004
38467
23281
22042
97313
62781
54851
12241
47511
62812
63410
47093
28229
16975
34725
26980
1579
52077
52578
85616
64608
66191
50204
52849
89506
12748
21973
24612
75391
19673
49829
87395
74491
73110
25788
88155
52242
80638
396
99752
59801
80157
63197
88029
13483
97921
15008
31413
66349
83938
17029
47309
50128
83584
157
55985
96331
22129
80596
71721
58153
30425
75467
48995
19886
1254
37150
88479
98243
53897
88230
58043
50405
67778
62423
80239
65699
93783
11652
48399
94072
45032
95707
60551
28615
12216
16536
24945
50696
97131
96665
8849
43907
88484
74195
80144
89737
11344
68622
87980
81592
73204
62374
31996
40981
41149
12235
23031
51283
40238
71430
45354
85269
83488
5904
13883
12055
22439
38827
62751
19570
51843
87951
79828
40326
62145
59972
46415
89841
28593
50746
87784
18148
13119
19780
59129
70619
48366
98511
21901
4955
86292
67254
90223
69780
73158
4105
98186
11948
42931
60936
31517
11125
65238
27697
51451
27383
87668
97865
33575
32612
48610
21358
50760
78080
57489
9888
48699
22206
24750
86951
27160
11042
54205
17382
97173
43714
21486
95358
55661
80768
56294
3530
91893
37883
31226
59695
65265
18893
73911
15191
51504
38872
36549
18615
16951
94037
44854
82001
16243
69604
85304
59754
80645
39508
77136
94169
99573
14973
89526
55233
12093
62171
75114
20337
54
6339
80031
81670
41583
53941
96861
9439
9164
33409
28053
26114
43797
72907
24467
76391
58862
26122
36145
55858
65629
13280
50026
81553
44604
39551
53137
56696
18074
28251
77032
18127
50941
73414
99796
92524
43706
13008
18314
52869
46416
46366
95335
90213
35624
36153
66603
94485
62274
19099
66694
44254
48730
16719
25806
93334
72622
78942
50029
90695
7192
43413
8821
58133
16826
24968
67008
76884
37976
85321
29752
743
48038
25086
7307
83662
77590
90262
94498
39863
9360
61192
84116
58090
77910
9921
51423
50531
88863
17803
57577
12406
77567
82749
70538
10745
7717
53897
87628
62044
39217
17379
62786
87255
58817
86445
87268
36406
76706
81765
76269
86065
59308
76736
60506
53570
86657
11928
20452
91871
46083
78029
4276
23649
60777
91166
34393
84845
45062
22020
46888
631
55751
26026
87885
30919
12470
91504
83676
5527
73268
76296
91591
48928
53032
52097
2497
39688
80376
39300
47910
26458
17328
68537
66459
94457
59702
17203
79301
21116
55575
42541
38098
11325
84918
25982
58595
13739
17485
42270
19265
7104
18566
27207
72383
87949
95655
91231
27636
76031
30531
91897
18840
47858
60433
1650
58666
36487
18853
37967
73954
74427
96859
12051
2103
81776
54384
60697
95514
88220
19318
14778
11675
54235
58336
84058
42183
53991
75288
69818
46373
5818
78066
65212
70028
54851
83214
45045
91337
2066
83011
81642
76492
96221
93692
94946
77996
64427
71994
89861
52646
91311
20990
64320
45546
79326
64729
87728
33316
56369
73898
79688
78538
51963
61251
48565
6813
44464
93610
14501
46529
92972
96142
39372
89193
6185
50669
83540
70611
22662
73401
23256
13973
94390
3928
59518
73715
68656
63597
23382
41376
37494
3069
19914
5809
64320
84830
28973
8783
78439
43474
71664
87763
55967
27387
93307
62152
78056
93198
32762
717
66598
72370
31041
77340
76297
6910
67406
61304
70507
90788
2680
24352
93856
22593
30160
74527
7422
75485
99662
2213
35310
87677
6327
91276
15063
15985
69779
9470
9182
18893
10187
92132
91262
41227
69471
83910
48137
36876
45213
34995
44015
64244
59346
37871
86836
5858
28749
10610
81342
44762
12822
33003
32438
35500
40630
47501
51484
10409
56970
60665
29301
83508
52796
36914
41087
38618
20823
5575
91846
66035
40569
35860
30279
16266
90082
33466
22123
18831
44075
19816
63592
73248
69170
12382
25099
9800
76234
76582
36560
49555
53599
65860
33063
22746
2773
90501
61364
39947
96075
53209
5981
52995
5420
52611
69260
95502
2429
7735
30684
46503
43902
10627
36103
13072
23008
61201
22871
99241
54135
59430
48796
24085
41641
98210
46830
60765
88710
24545
711
1136
94105
23043
54130
99525
92006
23389
95026
94434
47475
25709
57288
91377
36335
9742
4448
75695
87295
43670
74935
41429
19451
40082
65513
77443
54643
28694
54559
43352
53239
71621
44487
47343
11015
14968
46867
3020
38357
58244
13805
85831
304
71093
93559
52991
97186
14358
28685
84480
74379
19971
25908
93829
60053
7772
87623
14695
36466
42181
74399
6056
30153
35237
53398
41168
50205
16617
44187
4913
74860
74344
7095
75164
45436
654
28154
42621
15011
73190
43453
89390
93160
69360
99570
69564
93484
3545
84259
46301
62077
75009
52356
92230
10245
5753
33397
76801
38721
93935
81713
29933
68278
88808
5096
30065
5813
49601
89038
20823
39142
32490
26564
32301
18201
42486
1865
11684
62382
2475
57984
24458
77483
10339
33039
4079
32444
66435
80880
71164
76722
78944
1096
44999
84103
22543
91416
89915
88495
80453
27090
43988
12942
70005
76289
31142
12490
94505
59178
91223
96979
17161
15681
90813
43852
48719
94891
92647
31506
92122
80162
8227
87418
97610
69577
71520
36504
60992
61435
24999
57796
88524
68986
70737
58528
61626
18231
87370
56130
77408
78592
69460
10920
10624
60272
54771
75695
71515
63769
7200
63636
43931
31778
51053
41540
17706
38925
78043
95050
359
19393
52845
5234
4731
39934
80113
66356
58164
67482
38838
51923
62426
8297
62842
73049
84921
33965
48743
56435
14085
72294
36422
58015
4071
3827
15906
38129
42751
93949
33178
59461
29693
2374
64694
34423
42307
44806
17131
16822
28640
55968
85096
7417
80616
64290
96817
65536
98254
45560
38322
28690
34205
74744
86705
54628
78570
2610
92756
37672
12910
42285
97132
42603
44658
78177
93377
86965
39334
10507
20138
67973
82826
5234
91741
63442
69523
88558
45329
84128
50469
3
12817
84673
74746
15873
55652
69667
18483
48407
7338
47744
90691
20821
90346
35349
98997
83723
38665
38330
10581
58802
22655
93407
80387
30747
73200
49909
19304
34880
50388
86124
34882
63205
87149
25979
79077
42800
95645
13911
7559
19334
61655
98249
56506
68352
49949
71854
68426
4965
26536
79007
80119
65542
88765
60505
96288
78316
26766
31944
13195
77153
18067
64429
56709
21567
90407
35786
64367
2404
66048
88277
38089
27702
86525
94595
12406
52826
82800
80831
74142
9335
76189
54260
74876
81305
31117
87516
59620
57882
19459
89167
51386
53877
53595
8095
75444
44001
60232
56162
62756
26279
44438
845
53981
47314
11791
82738
16491
94590
79920
90633
3925
72461
61244
95152
53765
92360
82667
29737
66593
18477
18903
17979
88706
72497
26073
64149
32849
