49974
49959
49956
49955
49941
49926
49897
49895
49870
49846
49845
49845
49840
49835
49811
49779
49768
49753
49749
49748
49732
49727
49707
49690
49689
49687
49676
49675
49674
49668
49664
49630
49625
49622
49584
49548
49546
49528
49516
49492
49480
49476
49467
49464
49460
49456
49445
49434
49434
49433
49431
49430
49427
49426
49405
49390
49390
49386
49384
49373
49356
49348
49340
49334
49333
49331
49330
49281
49280
49279
49267
49260
49259
49248
49236
49235
49227
49222
49207
49194
49185
49170
49168
49156
49137
49137
49121
49113
49078
49075
49072
49059
49053
49051
49050
49024
48989
48989
48951
48928
48924
48921
48907
48904
48902
48886
48886
48852
48835
48829
48825
48809
48801
48798
48795
48790
48786
48781
48760
48750
48747
48735
48731
48719
48715
48710
48694
48689
48681
48670
48665
48644
48642
48615
48613
48600
48591
48587
48581
48572
48545
48536
48536
48533
48516
48515
48506
48499
48498
48492
48487
48464
48462
48455
48432
48410
48395
48392
48384
48380
48375
48371
48353
48350
48343
48338
48335
48335
48330
48316
48316
48296
48287
48280
48271
48250
48247
48220
48199
48198
48174
48172
48157
48152
48145
48135
48132
48114
48095
48095
48085
48082
48066
48060
48060
48058
48055
48047
48046
48040
48031
48030
48029
48028
48023
48021
48012
48006
47970
47970
47968
47957
47925
47910
47909
47901
47878
47858
47845
47845
47797
47796
47791
47780
47768
47756
47742
47741
47732
47722
47707
47695
47671
47667
47649
47647
47636
47633
47621
47612
47607
47586
47583
47580
47579
47569
47558
47550
47530
47525
47496
47484
47481
47481
47469
47464
47457
47443
47438
47397
47393
47391
47390
47385
47381
47366
47363
47328
47296
47296
47271
47227
47206
47193
47187
47186
47181
47169
47158
47151
47143
47133
47133
47133
47127
47126
47123
47117
47114
47111
47086
47076
47073
47043
47042
47008
46991
46984
46984
46983
46982
46972
46954
46949
46942
46940
46933
46930
46925
46917
46898
46844
46830
46827
46827
46773
46766
46754
46748
46732
46710
46707
46701
46677
46677
46676
46674
46666
46662
46652
46607
46605
46603
46600
46579
46574
46572
46551
46546
46520
46519
46519
46501
46481
46466
46464
46458
46456
46449
46438
46429
46407
46406
46396
46394
46377
46373
46355
46351
46340
46329
46321
46302
46288
46287
46250
46244
46236
46234
46226
46223
46222
46209
46174
46157
46157
46148
46140
46129
46122
46119
46108
46108
46091
46081
46065
46064
46064
46057
46022
46001
45968
45961
45952
45952
45923
45920
45920
45912
45897
45880
45875
45872
45856
45845
45835
45832
45831
45829
45818
45810
45779
45777
45773
45765
45759
45757
45751
45744
45743
45738
45732
45697
45696
45649
45641
45626
45620
45602
45600
45590
45587
45579
45578
45555
45553
45551
45548
45544
45535
45526
45514
45511
45496
45491
45490
45483
45466
45464
45462
45461
45461
45459
45443
45443
45433
45425
45401
45391
45387
45385
45383
45382
45362
45345
45343
45339
45287
45285
45279
45276
45273
45267
45223
45218
45218
45184
45180
45178
45169
45165
45145
45141
45086
45083
45081
45074
45048
45026
44962
44949
44936
44934
44923
44922
44913
44910
44909
44908
44905
44898
44896
44891
44854
44849
44829
44829
44819
44819
44815
44797
44775
44746
44745
44723
44723
44717
44711
44708
44694
44686
44675
44670
44653
44648
44646
44642
44634
44617
44615
44586
44582
44574
44558
44555
44534
44531
44522
44516
44499
44485
44485
44485
44481
44478
44477
44474
44459
44458
44449
44440
44437
44434
44431
44420
44417
44399
44385
44382
44381
44355
44352
44345
44329
44309
44300
44299
44293
44263
44249
44241
44240
44233
44215
44206
44201
44196
44195
44191
44170
44165
44145
44136
44134
44129
44126
44099
44095
44089
44079
44060
44047
44041
44034
44024
44012
43985
43980
43979
43971
43957
43934
43931
43907
43856
43843
43842
43831
43828
43827
43826
43784
43779
43767
43760
43758
43739
43738
43717
43710
43705
43692
43690
43685
43678
43648
43638
43632
43624
43623
43597
43570
43568
43554
43547
43546
43532
43506
43503
43492
43470
43457
43452
43451
43449
43448
43436
43429
43421
43421
43412
43397
43394
43392
43383
43376
43371
43364
43362
43341
43341
43339
43326
43321
43316
43295
43290
43278
43275
43268
43265
43262
43248
43228
43218
43213
43193
43187
43181
43179
43154
43152
43150
43150
43142
43135
43075
43067
43055
43045
43041
43033
43015
43011
43007
43006
42996
42992
42986
42981
42980
42956
42951
42944
42925
42923
42919
42914
42912
42898
42896
42894
42890
42884
42882
42881
42874
42840
42819
42801
42786
42784
42755
42719
42716
42707
42692
42683
42669
42644
42628
42623
42620
42620
42615
42607
42597
42597
42595
42590
42587
42576
42561
42542
42512
42506
42504
42499
42493
42478
42469
42462
42442
42427
42426
42424
42411
42399
42393
42357
42353
42315
42311
42307
42282
42272
42271
42256
42255
42251
42230
42224
42222
42187
42173
42159
42158
42138
42135
42133
42081
42056
42050
42032
42029
42027
42008
41995
41981
41975
41973
41968
41946
41945
41941
41934
41913
41894
41867
41850
41797
41796
41784
41777
41770
41768
41750
41742
41730
41730
41726
41722
41719
41689
41685
41651
41646
41642
41640
41629
41624
41621
41618
41605
41600
41593
41589
41582
41582
41576
41575
41571
41551
41541
41519
41518
41514
41503
41489
41467
41413
41402
41397
41390
41379
41377
41373
41351
41349
41322
41315
41314
41304
41303
41293
41279
41272
41268
41267
41266
41203
41179
41175
41161
41142
41118
41091
41078
41052
41042
41040
41036
41028
41007
41007
40993
40977
40972
40970
40967
40957
40945
40909
40885
40876
40873
40857
40839
40831
40822
40804
40802
40800
40798
40794
40771
40765
40763
40737
40720
40714
40713
40698
40694
40689
40689
40677
40669
40625
40625
40621
40617
40610
40608
40572
40548
40546
40534
40526
40494
40465
40440
40439
40434
40422
40411
40407
40398
40398
40392
40391
40391
40387
40372
40361
40360
40348
40337
40296
40295
40291
40286
40274
40262
40236
40229
40226
40226
40222
40202
40155
40144
40139
40125
40121
40120
40106
40101
40100
40091
40089
40083
40082
40063
40038
40035
40004
40003
39986
39969
39968
39962
39957
39944
39934
39879
39876
39875
39869
39859
39834
39810
39809
39807
39791
39788
39777
39773
39772
39771
39768
39739
39734
39732
39720
39716
39711
39702
39686
39683
39679
39654
39654
39652
39647
39642
39635
39601
39594
39578
39574
39572
39565
39559
39558
39547
39540
39532
39529
39517
39501
39498
39493
39481
39447
39442
39414
39392
39392
39390
39387
39383
39360
39351
39319
39315
39314
39312
39301
39294
39279
39278
39278
39262
39244
39239
39236
39221
39210
39204
39197
39195
39190
39151
39151
39144
39142
39093
39067
39058
39056
39049
39040
39039
39033
39015
39002
39001
38987
38986
38981
38966
38964
38919
38908
38891
38887
38878
38874
38872
38862
38857
38853
38841
38839
38813
38783
38774
38765
38760
38758
38757
38754
38744
38713
38711
38687
38657
38656
38635
38604
38598
38568
38568
38561
38551
38545
38542
38533
38530
38513
38513
38511
38509
38496
38496
38474
38467
38457
38437
38427
38412
38412
38401
38395
38385
38354
38352
38342
38313
38263
38257
38254
38254
38247
38244
38243
38241
38240
38236
38227
38202
38188
38179
38179
38175
38162
38149
38134
38125
38119
38115
38091
38048
38046
38024
38018
38017
38003
37991
37963
37960
37958
37957
37957
37939
37929
37922
37892
37881
37867
37823
37817
37808
37804
37803
37795
37789
37762
37731
37705
37694
37683
37682
37643
37640
37636
37634
37626
37625
37615
37588
37585
37583
37564
37558
37555
37551
37535
37530
37504
37478
37473
37465
37444
37441
37440
37438
37435
37425
37419
37410
37408
37392
37384
37381
37374
37374
37339
37334
37319
37317
37303
37297
37295
37293
37288
37284
37280
37279
37262
37254
37247
37235
37233
37222
37203
37191
37184
37143
37139
37127
37109
37101
37078
37070
37062
37059
37051
37050
37044
37042
37040
37026
37022
37017
37014
37012
36984
36982
36928
36926
36922
36907
36900
36886
36879
36869
36868
36863
36849
36842
36832
36830
36815
36808
36764
36764
36760
36760
36745
36736
36735
36734
36728
36725
36725
36720
36705
36697
36696
36695
36676
36674
36661
36642
36637
36625
36598
36575
36574
36555
36550
36536
36535
36525
36511
36489
36484
36470
36463
36460
36458
36458
36455
36453
36452
36448
36442
36438
36414
36410
36397
36387
36386
36375
36368
36352
36351
36335
36328
36321
36320
36309
36305
36298
36281
36275
36273
36267
36266
36262
36258
36243
36242
36209
36206
36196
36193
36190
36185
36163
36159
36154
36152
36140
36136
36130
36128
36094
36091
36072
36071
36064
36062
36060
36059
36054
36047
36045
36038
36037
36010
36009
36005
35993
35988
35968
35968
35952
35947
35936
35919
35908
35896
35884
35884
35882
35859
35859
35826
35810
35798
35794
35787
35766
35766
35755
35748
35747
35743
35724
35719
35719
35710
35703
35698
35697
35676
35661
35653
35640
35626
35618
35617
35616
35609
35603
35586
35582
35580
35571
35569
35551
35548
35547
35540
35525
35500
35495
35488
35486
35481
35475
35473
35453
35451
35446
35433
35405
35397
35381
35369
35362
35352
35350
35342
35342
35330
35305
35296
35284
35276
35270
35269
35245
35234
35229
35200
35200
35184
35177
35160
35160
35160
35152
35151
35147
35140
35136
35133
35131
35131
35119
35101
35101
35101
35094
35090
35059
35051
35039
35037
35036
35029
35007
34998
34992
34977
34970
34960
34952
34939
34934
34934
34928
34921
34906
34873
34869
34857
34847
34816
34814
34799
34798
34784
34782
34778
34767
34763
34760
34743
34740
34733
34703
34695
34689
34686
34677
34674
34665
34636
34631
34625
34618
34616
34596
34582
34572
34563
34535
34529
34506
34496
34465
34462
34452
34450
34447
34442
34437
34423
34418
34413
34408
34403
34388
34385
34383
34382
34374
34370
34365
34353
34338
34329
34328
34314
34304
34299
34292
34271
34270
34246
34244
34235
34227
34215
34197
34190
34184
34173
34171
34162
34155
34148
34143
34135
34111
34110
34073
34051
34032
34030
34014
34008
33971
33939
33936
33914
33911
33911
33906
33905
33904
33901
33895
33887
33868
33868
33863
33836
33833
33812
33801
33794
33766
33732
33719
33689
33679
33671
33667
33654
33644
33629
33607
33596
33590
33584
33578
33575
33575
33548
33536
33519
33518
33501
33501
33487
33463
33456
33439
33426
33424
33407
33400
33390
33337
33337
33317
33308
33301
33295
33293
33284
33269
33249
33241
33240
33238
33234
33220
33214
33211
33210
33191
33187
33166
33164
33159
33134
33123
33111
33110
33105
33096
33091
33086
33085
33053
33036
33006
32999
32990
32989
32966
32952
32942
32931
32914
32891
32885
32865
32860
32859
32840
32824
32821
32813
32793
32785
32782
32773
32769
32764
32761
32756
32734
32733
32721
32696
32675
32674
32670
32668
32650
32646
32628
32619
32617
32612
32605
32598
32589
32560
32560
32549
32544
32539
32531
32527
32524
32520
32497
32494
32482
32466
32465
32450
32440
32429
32411
32396
32396
32385
32373
32371
32355
32337
32335
32333
32306
32305
32300
32282
32277
32244
32241
32230
32228
32225
32221
32217
32213
32201
32200
32177
32170
32158
32138
32120
32105
32101
32100
32093
32093
32083
32051
32051
32033
32029
32024
32023
32014
32010
32004
32004
31997
31996
31988
31976
31971
31952
31943
31942
31934
31922
31907
31890
31878
31861
31847
31787
31783
31740
31735
31709
31706
31702
31696
31692
31684
31683
31668
31628
31627
31625
31621
31603
31601
31586
31577
31577
31575
31573
31565
31564
31552
31552
31544
31539
31515
31509
31502
31487
31476
31466
31461
31457
31393
31381
31375
31344
31343
31343
31340
31338
31335
31327
31319
31316
31314
31310
31274
31258
31256
31179
31146
31141
31136
31126
31085
31084
31073
31072
31071
31068
31066
31057
31056
31038
31035
31025
31018
31013
31009
30989
30983
30969
30942
30941
30937
30935
30931
30913
30896
30893
30889
30878
30863
30857
30851
30850
30827
30825
30810
30797
30785
30774
30769
30765
30765
30762
30761
30752
30743
30740
30739
30737
30735
30712
30710
30708
30700
30694
30687
30683
30674
30669
30655
30650
30644
30631
30628
30616
30609
30604
30590
30590
30586
30580
30573
30558
30550
30550
30549
30546
30546
30546
30546
30533
30528
30523
30522
30503
30498
30487
30485
30476
30458
30444
30443
30432
30421
30419
30416
30404
30389
30388
30376
30367
30338
30332
30330
30330
30312
30239
30231
30219
30219
30211
30209
30204
30181
30172
30155
30147
30144
30133
30112
30093
30088
30077
30076
30061
30057
30048
30048
30047
30045
30038
30021
30019
29986
29982
29975
29972
29966
29960
29946
29934
29931
29926
29920
29904
29882
29881
29873
29870
29864
29856
29854
29854
29843
29840
29797
29794
29790
29775
29767
29766
29766
29746
29737
29731
29728
29705
29703
29700
29697
29694
29693
29679
29667
29657
29643
29640
29638
29600
29574
29573
29567
29565
29560
29555
29548
29545
29542
29513
29511
29494
29494
29491
29488
29484
29483
29468
29465
29452
29438
29433
29428
29416
29408
29407
29364
29361
29340
29333
29331
29328
29325
29305
29295
29287
29253
29239
29209
29204
29199
29198
29183
29168
29156
29146
29140
29123
29087
29080
29072
29070
29063
29059
29052
29035
29035
29034
29033
29024
28984
28965
28958
28952
28947
28946
28899
28893
28889
28871
28868
28832
28828
28811
28803
28799
28790
28785
28773
28770
28747
28742
28741
28734
28712
28706
28701
28686
28680
28679
28667
28664
28663
28662
28634
28632
28597
28592
28584
28570
28561
28540
28501
28495
28484
28478
28450
28448
28433
28425
28418
28396
28388
28380
28364
28362
28359
28341
28340
28336
28330
28326
28325
28319
28316
28284
28280
28269
28263
28258
28253
28252
28242
28222
28220
28211
28192
28191
28167
28160
28135
28119
28116
28112
28106
28102
28096
28091
28075
28050
28045
28043
28026
28016
27974
27963
27950
27943
27928
27925
27918
27904
27896
27886
27827
27809
27807
27802
27787
27786
27782
27766
27762
27760
27754
27744
27733
27712
27700
27695
27691
27676
27674
27653
27637
27631
27618
27598
27593
27571
27571
27566
27565
27559
27542
27527
27525
27517
27517
27508
27508
27496
27481
27469
27466
27460
27421
27415
27408
27407
27397
27368
27362
27362
27323
27320
27287
27276
27263
27263
27248
27241
27228
27205
27200
27195
27165
27155
27135
27133
27133
27131
27129
27126
27108
27096
27096
27084
27073
27072
27052
27021
27013
27001
26999
26999
26997
26975
26974
26962
26952
26944
26943
26942
26916
26912
26910
26908
26905
26891
26874
26871
26869
26868
26862
26861
26860
26855
26850
26848
26848
26835
26824
26819
26796
26787
26763
26761
26761
26758
26752
26729
26718
26706
26695
26693
26684
26660
26637
26618
26592
26590
26588
26587
26581
26577
26576
26570
26564
26556
26555
26534
26509
26490
26477
26476
26462
26461
26461
26456
26455
26446
26432
26432
26397
26355
26349
26345
26343
26337
26322
26317
26307
26294
26290
26283
26251
26250
26218
26215
26212
26208
26186
26180
26167
26163
26144
26142
26138
26136
26126
26067
26053
26052
26046
26044
26043
26038
26010
26008
26005
25990
25980
25979
25978
25975
25972
25958
25953
25946
25941
25940
25931
25927
25925
25908
25897
25892
25886
25884
25871
25844
25811
25811
25809
25803
25797
25780
25779
25769
25769
25740
25736
25727
25724
25721
25707
25646
25633
25629
25618
25616
25586
25581
25581
25572
25557
25553
25548
25537
25533
25525
25496
25487
25480
25476
25473
25462
25461
25457
25450
25441
25439
25436
25428
25399
25394
25392
25386
25385
25380
25376
25374
25353
25348
25339
25338
25313
25312
25302
25293
25283
25264
25263
25261
25243
25232
25222
25211
25191
25189
25181
25173
25169
25167
25163
25161
25145
25143
25128
25123
25114
25092
25076
25071
25068
25027
25019
25011
25000
24997
24985
24940
24939
24922
24918
24909
24909
24905
24891
24873
24866
24813
24811
24809
24807
24803
24794
24792
24789
24777
24775
24763
24733
24730
24717
24716
24681
24675
24671
24663
24659
24656
24653
24652
24640
24633
24628
24609
24607
24602
24592
24567
24559
24559
24545
24514
24513
24508
24502
24486
24484
24481
24471
24467
24436
24426
24423
24401
24398
24388
24346
24340
24336
24334
24326
24322
24317
24312
24311
24295
24294
24284
24275
24256
24256
24255
24254
24248
24244
24241
24233
24217
24209
24199
24198
24179
24174
24169
24161
24145
24142
24127
24122
24103
24102
24088
24086
24080
24079
24048
24047
24041
24040
24037
24036
24034
24032
24024
24022
24019
24013
23986
23965
23960
23941
23940
23928
23926
23920
23915
23897
23883
23879
23879
23863
23851
23842
23828
23818
23814
23813
23779
23774
23772
23756
23752
23751
23748
23747
23727
23727
23672
23670
23653
23627
23625
23614
23595
23579
23564
23543
23539
23537
23504
23503
23502
23489
23483
23464
23439
23435
23434
23416
23414
23408
23390
23374
23357
23348
23334
23279
23245
23221
23196
23195
23190
23188
23172
23150
23147
23118
23116
23096
23094
23092
23088
23086
23082
23078
23073
23056
23052
23044
23031
23031
23024
23017
23014
23005
22998
22992
22942
22940
22928
22891
22890
22878
22872
22850
22824
22812
22802
22797
22780
22778
22773
22749
22731
22724
22721
22704
22686
22678
22672
22672
22646
22604
22586
22583
22537
22499
22489
22486
22477
22471
22471
22469
22451
22447
22427
22426
22424
22420
22415
22414
22382
22378
22363
22353
22331
22328
22295
22280
22280
22279
22274
22273
22263
22257
22246
22241
22238
22234
22222
22215
22210
22202
22201
22195
22188
22164
22160
22145
22144
22139
22114
22102
22100
22088
22082
22080
22073
22047
22038
22035
22027
22008
22007
22004
22000
21992
21988
21984
21977
21975
21973
21967
21956
21951
21929
21926
21924
21874
21865
21862
21858
21843
21839
21837
21836
21832
21822
21805
21804
21799
21798
21763
21760
21738
21736
21729
21728
21709
21704
21703
21698
21687
21681
21672
21669
21659
21659
21648
21613
21605
21573
21565
21565
21562
21555
21543
21530
21527
21525
21513
21501
21500
21494
21482
21453
21438
21434
21416
21412
21400
21400
21395
21390
21358
21352
21351
21327
21324
21317
21310
21309
21294
21288
21286
21281
21278
21263
21261
21257
21246
21245
21232
21214
21203
21190
21184
21161
21157
21149
21142
21123
21100
21099
21099
21082
21071
21047
21036
21033
21032
21029
21022
21014
21008
21004
20994
20987
20986
20977
20974
20971
20966
20964
20961
20952
20940
20938
20934
20932
20931
20917
20906
20906
20898
20860
20844
20835
20828
20822
20814
20812
20811
20810
20810
20801
20791
20788
20755
20741
20734
20715
20702
20699
20684
20664
20648
20629
20622
20621
20601
20563
20560
20552
20551
20544
20540
20534
20533
20532
20508
20488
20484
20480
20479
20472
20459
20428
20427
20419
20404
20390
20374
20371
20346
20310
20307
20296
20293
20287
20264
20243
20237
20228
20221
20207
20206
20186
20184
20183
20176
20170
20159
20152
20149
20141
20129
20116
20107
20089
20075
20057
20053
20053
20053
20024
19986
19974
19968
19965
19951
19938
19938
19936
19920
19918
19918
19904
19898
19897
19894
19876
19869
19868
19860
19860
19847
19845
19832
19825
19824
19814
19795
19786
19766
19731
19712
19711
19685
19678
19676
19663
19634
19629
19619
19608
19599
19589
19556
19554
19501
19489
19464
19455
19402
19399
19386
19381
19373
19370
19358
19353
19339
19331
19319
19317
19298
19297
19291
19286
19280
19248
19234
19233
19212
19209
19206
19205
19205
19197
19181
19172
19171
19164
19148
19137
19120
19108
19105
19094
19090
19081
19057
19044
19033
19018
19017
19006
19002
18993
18990
18970
18957
18955
18945
18944
18929
18922
18919
18917
18914
18871
18860
18859
18853
18850
18814
18802
18798
18793
18787
18779
18772
18741
18740
18729
18703
18700
18693
18691
18677
18671
18656
18640
18598
18593
18563
18560
18554
18530
18528
18516
18513
18506
18491
18483
18474
18462
18443
18430
18428
18422
18422
18419
18389
18389
18386
18386
18373
18368
18365
18356
18336
18333
18300
18300
18299
18296
18290
18288
18281
18269
18263
18262
18257
18242
18236
18231
18226
18226
18221
18217
18199
18187
18164
18134
18131
18127
18102
18102
18097
18091
18074
18064
18056
18040
18038
18037
18034
18023
18004
18003
18002
17994
17980
17979
17974
17968
17959
17952
17944
17930
17927
17918
17917
17911
17896
17895
17885
17828
17820
17795
17791
17790
17789
17779
17778
17760
17744
17730
17719
17707
17707
17706
17694
17630
17630
17600
17596
17586
17544
17532
17530
17528
17512
17509
17505
17495
17491
17485
17475
17467
17462
17452
17444
17428
17426
17425
17424
17410
17398
17394
17381
17374
17352
17334
17325
17315
17305
17300
17284
17282
17269
17259
17245
17236
17233
17228
17218
17198
17198
17196
17183
17175
17160
17151
17141
17136
17124
17120
17117
17115
17088
17088
17086
17071
17053
17053
17049
17047
17041
17030
17022
17014
17009
17002
16988
16976
16968
16945
16939
16938
16934
16922
16894
16869
16861
16852
16810
16791
16780
16772
16767
16763
16761
16753
16744
16740
16734
16730
16724
16723
16717
16706
16704
16695
16692
16690
16687
16685
16680
16679
16665
16664
16664
16661
16644
16639
16632
16623
16623
16621
16620
16616
16601
16595
16582
16579
16578
16568
16558
16549
16523
16521
16519
16519
16516
16497
16497
16461
16453
16446
16440
16433
16419
16417
16405
16401
16394
16369
16338
16332
16327
16322
16320
16318
16301
16291
16274
16272
16231
16226
16201
16199
16195
16162
16146
16145
16140
16099
16089
16089
16082
16072
16072
16070
16069
16036
16034
16034
16031
16020
16007
16004
15991
15990
15989
15983
15983
15971
15969
15969
15960
15954
15949
15945
15942
15935
15935
15932
15926
15925
15922
15921
15855
15845
15843
15833
15828
15817
15816
15815
15808
15771
15758
15739
15726
15726
15722
15719
15716
15697
15696
15676
15675
15671
15667
15633
15630
15603
15584
15581
15576
15549
15523
15519
15513
15493
15492
15476
15474
15450
15419
15410
15380
15375
15374
15351
15348
15335
15330
15294
15292
15275
15260
15260
15259
15233
15227
15225
15222
15213
15212
15211
15199
15175
15169
15145
15135
15111
15095
15053
15020
15014
15011
15011
15010
14994
14990
14987
14973
14971
14968
14966
14964
14929
14920
14920
14912
14902
14866
14860
14853
14845
14840
14826
14823
14820
14814
14806
14780
14771
14767
14766
14755
14752
14749
14747
14739
14729
14722
14722
14715
14656
14649
14638
14632
14609
14594
14590
14573
14556
14545
14543
14530
14500
14488
14487
14483
14476
14473
14461
14459
14457
14445
14432
14429
14380
14368
14367
14359
14358
14354
14345
14345
14341
14337
14336
14336
14332
14326
14325
14284
14274
14266
14264
14246
14235
14235
14217
14213
14186
14183
14175
14160
14153
14138
14131
14129
14125
14114
14103
14087
14048
14045
14012
14006
13990
13989
13985
13983
13979
13963
13946
13943
13928
13917
13911
13905
13886
13882
13860
13838
13819
13808
13799
13793
13791
13789
13780
13772
13760
13751
13749
13714
13711
13692
13691
13685
13674
13658
13656
13649
13648
13637
13634
13626
13622
13620
13617
13610
13607
13605
13589
13587
13565
13531
13530
13482
13443
13441
13430
13422
13416
13401
13385
13366
13355
13350
13347
13346
13342
13312
13312
13299
13279
13268
13267
13263
13256
13252
13235
13235
13231
13224
13221
13214
13163
13141
13123
13117
13112
13100
13093
13090
13074
13053
13046
13042
13030
13011
13009
13008
13003
12997
12970
12964
12946
12946
12932
12920
12902
12899
12891
12879
12874
12868
12867
12838
12838
12832
12822
12804
12802
12799
12780
12777
12757
12724
12719
12708
12708
12699
12691
12675
12674
12666
12662
12652
12645
12635
12629
12629
12625
12609
12604
12600
12596
12589
12588
12533
12533
12532
12525
12519
12509
12505
12493
12475
12465
12462
12452
12447
12438
12433
12425
12416
12397
12397
12396
12387
12372
12361
12353
12345
12339
12324
12324
12321
12281
12280
12264
12252
12252
12234
12232
12204
12203
12189
12182
12175
12165
12158
12154
12136
12135
12128
12123
12110
12110
12103
12093
12089
12073
12054
12039
12029
12027
12012
11988
11985
11979
11945
11942
11936
11927
11926
11923
11922
11907
11896
11883
11880
11874
11867
11851
11848
11843
11841
11832
11822
11818
11802
11764
11741
11734
11726
11711
11706
11698
11684
11684
11683
11678
11676
11676
11674
11673
11671
11666
11663
11644
11623
11599
11596
11577
11575
11571
11557
11551
11532
11496
11481
11445
11442
11424
11409
11406
11401
11392
11378
11372
11367
11362
11356
11354
11337
11335
11306
11299
11294
11276
11256
11215
11210
11205
11202
11187
11177
11166
11155
11151
11140
11138
11128
11120
11113
11091
11087
11087
11059
11054
11022
11021
11011
11009
10974
10968
10967
10965
10954
10943
10939
10925
10875
10870
10867
10863
10843
10839
10784
10782
10779
10773
10766
10760
10757
10743
10740
10735
10734
10731
10712
10709
10702
10670
10667
10655
10639
10616
10598
10596
10538
10536
10531
10507
10502
10494
10473
10446
10445
10422
10421
10416
10408
10408
10395
10385
10358
10355
10339
10332
10325
10324
10274
10256
10255
10248
10238
10233
10228
10227
10226
10136
10135
10123
10116
10110
10097
10096
10087
10085
10080
10080
10077
10073
10062
10060
10037
10036
10020
10007
10006
10005
9976
9969
9949
9943
9938
9932
9930
9930
9930
9918
9907
9906
9885
9878
9876
9855
9851
9835
9827
9822
9821
9800
9799
9742
9742
9724
9689
9676
9675
9645
9619
9614
9607
9599
9587
9586
9569
9567
9523
9521
9514
9514
9500
9485
9470
9459
9455
9450
9448
9438
9416
9410
9409
9387
9373
9345
9331
9294
9289
9287
9267
9264
9238
9236
9228
9224
9219
9196
9175
9164
9164
9156
9139
9127
9126
9125
9124
9095
9087
9051
9039
9029
9013
9008
9001
9000
8994
8975
8973
8928
8917
8913
8887
8872
8870
8865
8864
8849
8840
8839
8827
8823
8802
8782
8729
8722
8717
8714
8711
8705
8684
8670
8650
8642
8642
8641
8628
8626
8613
8600
8591
8587
8586
8572
8572
8545
8540
8539
8522
8517
8516
8516
8515
8514
8509
8509
8508
8492
8477
8476
8471
8465
8464
8452
8444
8431
8428
8412
8406
8404
8402
8396
8394
8389
8385
8376
8357
8351
8336
8334
8321
8320
8318
8290
8285
8278
8261
8258
8235
8218
8213
8203
8194
8181
8177
8175
8174
8167
8151
8150
8138
8111
8107
8106
8079
8073
8070
8063
8059
8059
8055
8040
8040
8037
8033
8031
8024
8002
8001
7997
7993
7991
7986
7984
7984
7983
7954
7950
7916
7910
7910
7907
7901
7899
7888
7885
7881
7862
7856
7854
7846
7843
7822
7815
7792
7767
7763
7731
7725
7720
7718
7702
7698
7692
7668
7658
7657
7653
7648
7644
7644
7633
7622
7622
7614
7609
7582
7581
7579
7572
7562
7558
7553
7531
7520
7510
7497
7496
7460
7453
7448
7447
7441
7435
7428
7419
7399
7378
7372
7357
7355
7346
7320
7319
7318
7312
7301
7275
7273
7267
7250
7244
7206
7200
7188
7180
7179
7176
7175
7172
7167
7166
7166
7165
7146
7144
7107
7104
7100
7065
7062
7057
7054
7027
7026
6978
6972
6970
6960
6959
6958
6957
6928
6916
6904
6902
6900
6892
6886
6853
6835
6831
6819
6816
6803
6801
6779
6770
6762
6744
6727
6712
6710
6703
6699
6693
6693
6691
6690
6687
6687
6683
6676
6668
6666
6657
6653
6635
6596
6590
6584
6569
6538
6537
6525
6524
6498
6496
6472
6467
6461
6459
6454
6432
6403
6373
6362
6358
6355
6349
6347
6346
6341
6337
6330
6317
6293
6290
6285
6280
6226
6220
6216
6211
6185
6184
6180
6178
6178
6169
6166
6164
6156
6119
6102
6097
6096
6092
6089
6082
6075
6070
6068
6068
6058
6056
6053
6044
6034
6024
6007
5996
5995
5987
5982
5971
5963
5954
5941
5940
5932
5931
5928
5921
5911
5908
5897
5874
5829
5826
5825
5813
5813
5806
5801
5798
5781
5774
5768
5762
5758
5716
5711
5665
5643
5637
5620
5605
5599
5596
5592
5573
5571
5561
5555
5543
5527
5518
5487
5487
5479
5471
5464
5452
5443
5434
5426
5420
5402
5386
5386
5375
5372
5361
5358
5326
5324
5300
5300
5288
5271
5269
5269
5245
5227
5217
5214
5209
5187
5171
5170
5165
5154
5144
5128
5128
5123
5115
5085
5066
5057
5053
5049
5000
4985
4951
4939
4934
4927
4912
4904
4897
4890
4874
4867
4865
4858
4850
4841
4827
4821
4815
4794
4780
4772
4765
4747
4738
4735
4710
4707
4687
4683
4675
4613
4611
4608
4605
4579
4577
4565
4555
4548
4545
4545
4544
4518
4511
4511
4486
4469
4462
4460
4452
4450
4437
4431
4431
4430
4413
4397
4395
4391
4377
4360
4321
4314
4296
4280
4263
4262
4257
4223
4222
4213
4178
4173
4170
4155
4128
4126
4110
4098
4097
4096
4082
4069
4063
4060
4060
4042
4037
4034
4030
4014
4008
4005
3978
3977
3970
3967
3909
3898
3897
3879
3875
3863
3861
3858
3852
3841
3811
3803
3793
3792
3781
3768
3753
3751
3749
3747
3741
3729
3687
3676
3667
3656
3655
3640
3629
3624
3614
3604
3602
3593
3582
3582
3579
3572
3566
3561
3554
3545
3543
3527
3478
3476
3476
3465
3445
3414
3383
3342
3338
3338
3325
3292
3288
3285
3280
3269
3267
3261
3256
3246
3237
3227
3212
3210
3197
3194
3187
3184
3170
3169
3166
3162
3162
3153
3132
3116
3104
3098
3079
3070
3063
3056
3054
3044
3042
3040
3025
3021
3006
3004
2995
2992
2968
2965
2964
2955
2931
2917
2908
2898
2892
2888
2870
2823
2819
2816
2811
2811
2805
2798
2798
2797
2794
2780
2780
2769
2760
2757
2719
2714
2701
2696
2692
2687
2675
2674
2668
2657
2654
2645
2628
2620
2614
2612
2607
2583
2582
2562
2558
2558
2555
2543
2537
2537
2531
2528
2524
2514
2484
2481
2476
2465
2461
2444
2444
2438
2435
2423
2421
2412
2399
2396
2385
2385
2355
2354
2348
2346
2343
2317
2316
2306
2295
2282
2277
2268
2257
2235
2230
2226
2221
2214
2195
2191
2178
2170
2161
2161
2154
2150
2148
2145
2138
2132
2106
2104
2098
2056
2053
2043
2040
2039
2037
2035
2031
2030
2020
1994
1992
1958
1947
1941
1937
1918
1906
1876
1864
1851
1849
1811
1788
1778
1749
1748
1747
1745
1745
1737
1737
1723
1721
1714
1710
1696
1695
1690
1685
1680
1669
1666
1664
1659
1657
1652
1624
1605
1604
1595
1592
1589
1587
1587
1581
1551
1551
1546
1542
1539
1528
1518
1503
1499
1492
1488
1468
1455
1452
1431
1427
1390
1387
1377
1364
1362
1356
1331
1326
1281
1272
1246
1213
1188
1187
1185
1182
1166
1147
1130
1123
1112
1112
1110
1095
1077
1069
1068
1067
1066
1064
1052
1051
1026
1018
1016
1008
1007
1007
1004
970
956
954
941
941
936
933
930
928
918
912
901
887
872
867
859
859
852
849
841
840
839
834
811
790
789
780
774
762
746
741
728
726
720
715
714
706
665
664
660
651
642
639
637
624
620
610
588
583
582
579
567
559
556
546
502
490
482
464
453
450
446
445
444
426
415
399
395
392
386
356
353
352
314
289
286
264
255
252
247
245
234
223
223
217
213
195
189
171
155
133
126
105
99
98
97
85
76
69
57
53
47
31
25
16
8
6
