99994
99988
99985
99971
99961
99950
99940
99925
99923
99914
99898
99889
99874
99866
99858
99847
99847
99834
99817
99815
99802
99800
99800
99791
99789
99769
99750
99738
99733
99730
99719
99703
99672
99665
99658
99656
99641
99636
99631
99631
99617
99585
99575
99568
99565
99556
99534
99528
99505
99502
99500
99470
99463
99444
99440
99425
99412
99408
99398
99397
99389
99358
99346
99335
99330
99328
99322
99316
99313
99312
99301
99290
99285
99283
99273
99267
99235
99221
99212
99208
99194
99180
99159
99145
99136
99114
99105
99099
99079
99078
99075
99075
99059
99042
99031
99006
98998
98997
98991
98926
98925
98874
98847
98833
98828
98827
98817
98813
98806
98805
98804
98802
98783
98780
98773
98755
98750
98741
98738
98723
98716
98712
98686
98659
98654
98617
98616
98608
98590
98589
98587
98581
98574
98571
98567
98567
98563
98546
98545
98525
98511
98502
98485
98483
98466
98454
98448
98433
98421
98414
98407
98397
98395
98393
98374
98364
98361
98349
98345
98344
98333
98331
98329
98326
98314
98314
98311
98299
98292
98288
98286
98281
98266
98264
98252
98239
98212
98191
98188
98177
98169
98160
98132
98111
98097
98095
98093
98085
98038
97981
97969
97942
97935
97930
97902
97898
97897
97895
97891
97875
97870
97867
97842
97840
97831
97824
97820
97808
97792
97789
97783
97782
97774
97767
97766
97756
97743
97740
97738
97737
97686
97674
97671
97664
97663
97654
97642
97627
97607
97605
97598
97584
97574
97531
97524
97519
97497
97490
97489
97447
97436
97434
97429
97393
97392
97391
97386
97382
97368
97361
97345
97335
97331
97322
97306
97301
97282
97266
97253
97252
97251
97239
97234
97220
97218
97216
97216
97209
97206
97200
97199
97192
97183
97179
97176
97174
97171
97128
97108
97100
97098
97096
97080
97071
97069
97063
97047
97033
97028
97023
97011
97003
96998
96993
96967
96959
96948
96922
96917
96912
96896
96896
96882
96874
96869
96864
96856
96840
96839
96826
96824
96823
96812
96801
96782
96780
96762
96749
96746
96699
96691
96690
96684
96682
96646
96619
96596
96558
96551
96550
96546
96542
96541
96533
96513
96510
96504
96489
96481
96473
96460
96428
96417
96414
96403
96401
96394
96391
96376
96373
96368
96367
96366
96326
96290
96289
96288
96269
96264
96264
96261
96261
96256
96241
96241
96236
96229
96222
96215
96191
96177
96137
96130
96118
96118
96105
96103
96094
96092
96064
96055
96048
96039
96031
96030
96027
96015
96011
96003
95997
95988
95977
95970
95950
95938
95938
95930
95910
95882
95864
95863
95862
95859
95858
95852
95852
95848
95834
95827
95825
95824
95810
95809
95808
95807
95786
95764
95748
95725
95719
95717
95704
95678
95675
95660
95659
95649
95648
95635
95631
95628
95607
95597
95581
95578
95568
95561
95551
95544
95523
95521
95519
95518
95510
95507
95504
95498
95489
95477
95475
95460
95457
95455
95451
95448
95434
95424
95423
95422
95419
95419
95387
95367
95344
95338
95334
95314
95311
95307
95297
95289
95278
95278
95272
95270
95268
95267
95254
95250
95248
95246
95246
95222
95193
95177
95172
95159
95153
95135
95105
95102
95091
95069
95016
95012
95011
95007
95003
94987
94984
94969
94968
94941
94927
94927
94922
94921
94915
94895
94889
94889
94886
94880
94880
94874
94860
94859
94846
94836
94827
94819
94780
94746
94723
94716
94697
94695
94694
94693
94651
94643
94638
94634
94632
94629
94621
94617
94613
94608
94606
94597
94589
94588
94584
94582
94582
94567
94554
94547
94539
94525
94522
94512
94507
94503
94486
94483
94457
94452
94433
94429
94426
94423
94419
94410
94403
94402
94396
94380
94370
94357
94350
94345
94339
94297
94291
94291
94284
94270
94268
94239
94216
94188
94160
94141
94136
94130
94122
94122
94121
94115
94093
94092
94087
94085
94084
94073
94065
94055
94052
94048
94044
94041
94037
94024
94001
93967
93966
93942
93942
93939
93928
93924
93912
93907
93898
93897
93875
93842
93838
93823
93822
93815
93805
93802
93799
93792
93788
93773
93771
93760
93756
93754
93738
93724
93675
93669
93663
93661
93656
93654
93651
93645
93638
93632
93632
93616
93584
93574
93572
93569
93567
93553
93547
93545
93540
93528
93527
93526
93516
93512
93511
93501
93500
93487
93481
93471
93465
93460
93450
93422
93419
93405
93402
93401
93400
93383
93379
93370
93368
93367
93360
93359
93358
93354
93347
93328
93327
93317
93313
93310
93307
93302
93297
93295
93286
93277
93265
93250
93230
93226
93225
93220
93214
93207
93204
93173
93168
93135
93127
93113
93085
93070
93059
93042
93034
93004
92993
92965
92964
92961
92959
92958
92952
92950
92947
92939
92934
92926
92926
92905
92903
92899
92881
92878
92874
92873
92859
92856
92830
92826
92815
92811
92807
92781
92759
92754
92746
92738
92705
92702
92701
92695
92687
92671
92638
92590
92581
92580
92577
92564
92559
92551
92542
92527
92526
92519
92503
92488
92473
92466
92465
92460
92452
92448
92439
92429
92422
92421
92415
92393
92378
92373
92361
92359
92347
92332
92332
92331
92327
92318
92315
92307
92292
92289
92275
92269
92268
92249
92237
92233
92222
92217
92216
92207
92197
92186
92167
92166
92145
92120
92119
92116
92115
92107
92086
92084
92076
92065
92048
92039
91992
91990
91982
91961
91951
91943
91943
91942
91937
91915
91914
91878
91877
91866
91856
91852
91849
91848
91836
91828
91816
91813
91811
91807
91804
91796
91776
91769
91766
91760
91734
91723
91721
91715
91714
91697
91691
91685
91640
91636
91629
91625
91610
91607
91599
91594
91567
91556
91549
91530
91521
91507
91466
91451
91449
91435
91422
91394
91365
91348
91335
91333
91312
91304
91300
91296
91291
91287
91278
91264
91261
91256
91255
91249
91246
91239
91233
91231
91212
91208
91206
91189
91187
91185
91177
91171
91154
91153
91150
91131
91130
91123
91091
91078
91050
91024
91022
91007
90995
90989
90970
90969
90966
90961
90959
90957
90941
90893
90888
90876
90872
90863
90837
90811
90784
90727
90711
90701
90697
90687
90673
90672
90651
90634
90628
90626
90623
90600
90574
90534
90532
90517
90495
90492
90489
90482
90471
90470
90469
90466
90460
90451
90451
90444
90442
90440
90438
90437
90433
90426
90419
90347
90346
90337
90314
90298
90288
90284
90273
90255
90245
90204
90184
90184
90147
90144
90137
90128
90128
90127
90120
90112
90106
90105
90101
90083
90080
90075
90063
90057
90022
90020
90020
90019
90011
89999
89988
89985
89981
89959
89948
89932
89926
89902
89899
89897
89892
89880
89878
89862
89861
89854
89847
89845
89840
89807
89802
89793
89768
89763
89757
89739
89725
89716
89715
89709
89687
89685
89681
89677
89677
89676
89668
89664
89661
89644
89643
89612
89610
89605
89596
89596
89595
89578
89576
89574
89566
89562
89560
89545
89543
89524
89524
89520
89518
89514
89511
89505
89500
89493
89466
89457
89456
89456
89438
89431
89412
89381
89381
89371
89369
89366
89363
89348
89341
89322
89320
89319
89317
89306
89302
89295
89279
89272
89265
89262
89259
89257
89253
89225
89200
89191
89183
89180
89172
89122
89113
89081
89056
89049
89041
89014
88999
88996
88994
88990
88979
88978
88963
88962
88956
88936
88935
88931
88917
88917
88913
88911
88907
88904
88886
88880
88877
88864
88845
88843
88830
88808
88806
88792
88778
88774
88763
88742
88740
88732
88713
88710
88698
88686
88670
88667
88651
88645
88634
88629
88629
88617
88591
88585
88582
88581
88580
88550
88533
88532
88529
88521
88509
88507
88506
88505
88504
88489
88488
88477
88475
88470
88459
88458
88450
88444
88439
88432
88431
88421
88410
88398
88382
88370
88351
88348
88347
88347
88342
88339
88336
88331
88305
88304
88289
88274
88242
88226
88189
88179
88171
88162
88158
88154
88147
88127
88126
88122
88118
88116
88115
88111
88108
88107
88097
88066
88058
88050
88038
88024
88022
88019
88016
87950
87950
87935
87932
87927
87917
87914
87907
87902
87894
87890
87883
87881
87848
87837
87826
87824
87816
87814
87809
87800
87795
87788
87781
87752
87740
87738
87727
87721
87719
87712
87711
87706
87699
87689
87688
87674
87669
87651
87632
87631
87617
87604
87597
87574
87568
87559
87546
87546
87522
87517
87498
87497
87491
87490
87490
87472
87458
87439
87402
87387
87381
87371
87365
87365
87354
87337
87330
87321
87315
87304
87304
87300
87296
87289
87282
87246
87242
87226
87207
87201
87201
87198
87191
87168
87167
87156
87146
87121
87114
87096
87093
87084
87081
87067
87060
87059
87047
87045
87041
87038
87034
87025
87018
87013
87008
86976
86970
86968
86963
86963
86949
86943
86940
86921
86917
86869
86864
86862
86859
86855
86836
86833
86826
86808
86804
86762
86716
86713
86709
86694
86693
86680
86680
86636
86634
86614
86611
86600
86578
86572
86571
86570
86567
86537
86536
86532
86530
86524
86520
86519
86515
86487
86475
86472
86471
86445
86445
86443
86439
86433
86428
86423
86414
86396
86389
86386
86383
86373
86359
86355
86350
86335
86329
86312
86300
86298
86287
86285
86272
86272
86272
86266
86265
86265
86264
86258
86257
86251
86250
86250
86233
86216
86213
86206
86201
86159
86158
86150
86149
86139
86134
86130
86122
86114
86112
86107
86106
86091
86089
86079
86078
86055
86050
86046
86012
86010
85995
85985
85978
85946
85943
85938
85935
85932
85932
85929
85883
85877
85858
85857
85856
85846
85840
85838
85834
85826
85814
85814
85788
85787
85782
85759
85753
85728
85724
85716
85712
85699
85692
85684
85683
85682
85665
85661
85659
85631
85615
85606
85601
85592
85591
85588
85574
85549
85534
85533
85524
85521
85519
85519
85514
85496
85479
85459
85439
85428
85400
85367
85360
85348
85346
85342
85330
85326
85317
85315
85311
85308
85268
85264
85264
85263
85255
85250
85244
85239
85237
85227
85227
85225
85209
85207
85207
85202
85200
85182
85178
85176
85175
85172
85155
85149
85138
85092
85086
85083
85052
85041
85032
85028
85026
85019
85009
85002
84998
84965
84962
84957
84952
84945
84938
84927
84888
84885
84879
84874
84869
84848
84845
84827
84812
84812
84804
84789
84782
84780
84766
84755
84744
84728
84703
84687
84678
84677
84666
84647
84639
84637
84627
84613
84592
84589
84585
84576
84571
84569
84561
84552
84550
84543
84533
84515
84513
84504
84504
84500
84487
84485
84481
84480
84478
84467
84453
84433
84423
84418
84416
84404
84397
84397
84393
84393
84381
84341
84337
84328
84325
84323
84287
84262
84237
84235
84193
84189
84189
84173
84160
84154
84150
84142
84137
84123
84107
84104
84096
84094
84088
84082
84070
84067
84066
84058
84040
84024
84006
84005
83991
83987
83956
83953
83942
83931
83930
83907
83881
83879
83866
83866
83855
83853
83845
83843
83833
83831
83830
83815
83812
83809
83798
83780
83777
83772
83772
83771
83764
83740
83726
83705
83696
83675
83655
83654
83652
83627
83627
83621
83610
83610
83600
83596
83588
83577
83577
83576
83566
83550
83539
83537
83536
83523
83522
83518
83502
83496
83495
83487
83469
83459
83448
83447
83445
83434
83423
83400
83397
83379
83378
83376
83356
83354
83352
83350
83349
83330
83323
83318
83282
83265
83250
83242
83234
83230
83228
83220
83216
83215
83201
83199
83197
83190
83184
83180
83148
83146
83129
83123
83121
83120
83116
83103
83102
83096
83087
83078
83056
83043
83036
83022
83019
83017
83016
83013
83012
82999
82991
82990
82988
82972
82966
82965
82955
82948
82935
82931
82878
82877
82849
82815
82791
82784
82783
82774
82768
82756
82753
82740
82737
82728
82719
82719
82716
82713
82706
82694
82692
82690
82685
82675
82673
82672
82667
82651
82649
82636
82635
82630
82615
82608
82583
82581
82580
82576
82563
82547
82526
82521
82515
82511
82502
82501
82490
82479
82447
82427
82418
82392
82377
82371
82371
82320
82320
82304
82296
82284
82279
82278
82268
82265
82263
82260
82249
82237
82231
82206
82186
82160
82159
82157
82156
82139
82115
82105
82094
82061
82043
82034
82025
82019
82016
82008
82002
82000
81999
81978
81960
81946
81944
81927
81923
81919
81906
81902
81898
81897
81888
81879
81876
81863
81860
81855
81843
81820
81819
81814
81810
81804
81790
81783
81776
81772
81770
81767
81764
81763
81761
81755
81702
81700
81693
81691
81689
81667
81664
81658
81645
81644
81644
81592
81567
81564
81556
81550
81550
81547
81535
81525
81502
81493
81472
81462
81452
81442
81434
81417
81416
81408
81406
81404
81403
81397
81395
81393
81364
81351
81328
81324
81315
81301
81275
81264
81251
81245
81241
81228
81225
81221
81220
81216
81211
81211
81208
81204
81202
81198
81189
81167
81161
81158
81144
81121
81114
81110
81098
81083
81083
81066
81050
81046
81010
81007
81003
80990
80979
80954
80954
80947
80938
80916
80911
80896
80862
80861
80839
80832
80818
80813
80805
80803
80783
80765
80765
80764
80758
80746
80721
80700
80675
80662
80656
80647
80642
80609
80598
80597
80590
80583
80560
80551
80539
80529
80523
80516
80503
80503
80495
80493
80466
80460
80450
80445
80442
80440
80437
80427
80375
80368
80356
80351
80338
80304
80300
80292
80289
80284
80267
80261
80255
80249
80216
80204
80198
80196
80193
80191
80187
80174
80172
80146
80142
80137
80128
80127
80118
80078
80068
80060
80050
80030
80022
79993
79968
79967
79948
79933
79930
79919
79917
79916
79900
79857
79851
79841
79838
79831
79831
79822
79814
79802
79801
79797
79777
79769
79763
79762
79756
79744
79733
79727
79726
79690
79680
79674
79668
79660
79651
79645
79627
79623
79621
79615
79604
79597
79587
79581
79569
79564
79553
79529
79521
79520
79512
79505
79501
79496
79494
79472
79452
79443
79438
79387
79386
79384
79372
79358
79357
79348
79332
79330
79328
79318
79306
79294
79287
79263
79253
79241
79239
79222
79205
79203
79202
79188
79179
79171
79169
79167
79162
79133
79133
79131
79112
79111
79108
79083
79061
79060
79052
79049
79031
79023
79017
79013
79004
78999
78990
78978
78978
78976
78959
78934
78912
78907
78904
78889
78879
78858
78855
78853
78853
78826
78815
78805
78802
78789
78781
78743
78733
78701
78700
78685
78680
78678
78660
78646
78636
78620
78616
78609
78594
78593
78588
78550
78534
78523
78507
78504
78501
78486
78470
78464
78457
78450
78359
78355
78343
78340
78335
78332
78329
78321
78305
78301
78275
78265
78258
78253
78229
78208
78204
78199
78195
78194
78193
78187
78167
78153
78140
78123
78121
78120
78119
78114
78110
78108
78108
78105
78090
78071
78071
78062
78059
78041
78032
78030
78013
78011
78008
78000
77986
77986
77985
77970
77961
77954
77949
77946
77944
77938
77931
77916
77902
77901
77879
77874
77872
77871
77867
77862
77860
77833
77827
77820
77820
77811
77785
77775
77773
77750
77744
77743
77741
77730
77727
77718
77711
77697
77691
77672
77671
77671
77663
77629
77620
77617
77613
77600
77598
77594
77585
77580
77563
77556
77542
77536
77523
77522
77491
77488
77484
77478
77436
77422
77422
77421
77371
77370
77368
77367
77360
77357
77337
77332
77328
77325
77319
77316
77311
77294
77290
77267
77266
77262
77256
77253
77242
77239
77212
77205
77203
77184
77160
77159
77153
77126
77122
77110
77076
77042
77036
77026
77018
77006
76980
76975
76935
76920
76915
76913
76898
76894
76888
76888
76883
76878
76876
76876
76873
76871
76855
76854
76853
76852
76844
76838
76822
76815
76794
76779
76769
76755
76746
76743
76739
76739
76718
76702
76676
76643
76642
76622
76615
76608
76607
76598
76591
76590
76583
76577
76568
76562
76562
76559
76559
76538
76535
76527
76503
76501
76497
76496
76488
76460
76441
76409
76399
76386
76360
76352
76339
76331
76309
76304
76289
76263
76230
76223
76214
76205
76200
76196
76188
76186
76182
76170
76155
76149
76145
76140
76140
76138
76096
76078
76063
76048
76015
76004
75999
75995
75994
75992
75982
75966
75965
75949
75926
75926
75909
75903
75873
75859
75854
75828
75825
75823
75809
75804
75797
75792
75764
75758
75757
75733
75720
75707
75699
75697
75676
75664
75647
75646
75638
75634
75592
75575
75567
75560
75557
75556
75552
75548
75547
75539
75537
75533
75526
75521
75515
75486
75481
75471
75469
75459
75449
75419
75418
75387
75371
75361
75357
75348
75345
75323
75318
75316
75291
75288
75285
75272
75271
75267
75263
75233
75226
75190
75180
75172
75148
75142
75137
75128
75126
75121
75119
75107
75084
75078
75073
75072
75071
75064
75055
75044
75029
75027
75020
75013
75009
75009
74987
74985
74960
74944
74928
74919
74916
74913
74888
74881
74871
74856
74850
74844
74836
74831
74828
74808
74792
74786
74774
74753
74751
74721
74707
74699
74693
74689
74685
74682
74666
74665
74653
74643
74635
74627
74618
74600
74585
74574
74561
74560
74559
74549
74546
74539
74531
74513
74500
74491
74485
74478
74456
74453
74448
74446
74439
74431
74408
74397
74385
74366
74363
74361
74347
74345
74338
74331
74322
74317
74309
74308
74275
74274
74263
74240
74236
74221
74190
74177
74173
74168
74160
74134
74114
74100
74098
74092
74071
74062
74061
74061
74059
74055
74052
74031
74021
74014
74005
73994
73971
73969
73950
73940
73935
73934
73926
73925
73924
73924
73923
73914
73912
73877
73866
73864
73853
73848
73843
73841
73818
73812
73810
73806
73805
73802
73779
73772
73770
73766
73760
73736
73726
73722
73709
73708
73707
73667
73642
73623
73610
73610
73605
73574
73571
73561
73561
73559
73530
73525
73523
73522
73517
73490
73477
73476
73470
73466
73464
73453
73434
73424
73423
73417
73405
73398
73395
73392
73380
73371
73363
73360
73345
73345
73333
73331
73320
73317
73310
73298
73286
73263
73239
73221
73208
73204
73204
73198
73195
73177
73171
73155
73133
73132
73123
73117
73081
73078
73076
73074
73073
73067
73056
73056
73034
73034
73018
73017
73004
73000
72993
72984
72970
72967
72961
72949
72932
72928
72921
72920
72918
72914
72908
72903
72903
72902
72898
72871
72864
72862
72839
72838
72835
72826
72824
72805
72779
72779
72777
72767
72758
72751
72736
72720
72697
72685
72679
72676
72664
72656
72646
72622
72620
72612
72606
72606
72604
72601
72577
72565
72564
72535
72525
72518
72499
72490
72485
72484
72474
72458
72451
72435
72412
72369
72358
72350
72346
72323
72315
72307
72306
72301
72291
72273
72238
72236
72225
72222
72221
72220
72220
72201
72197
72188
72186
72184
72172
72163
72161
72127
72126
72121
72112
72098
72074
72051
72045
72039
72030
72023
72000
71987
71987
71963
71959
71959
71958
71955
71944
71879
71875
71870
71857
71856
71855
71853
71842
71838
71815
71797
71781
71778
71760
71738
71711
71701
71700
71677
71667
71666
71649
71632
71623
71612
71602
71591
71575
71557
71552
71547
71542
71541
71526
71493
71491
71470
71467
71466
71436
71410
71408
71407
71399
71399
71393
71380
71356
71346
71341
71322
71311
71302
71294
71293
71289
71267
71246
71231
71229
71223
71206
71196
71183
71180
71171
71157
71149
71130
71121
71120
71115
71113
71105
71093
71089
71084
71073
71052
71046
71035
71013
71012
70991
70962
70960
70954
70948
70938
70930
70926
70902
70897
70869
70867
70863
70863
70854
70833
70803
70790
70787
70778
70769
70766
70746
70735
70724
70711
70690
70672
70660
70648
70635
70634
70631
70602
70568
70564
70562
70547
70533
70531
70508
70508
70500
70484
70481
70478
70477
70461
70456
70456
70451
70450
70444
70441
70430
70425
70424
70422
70400
70391
70388
70382
70367
70367
70339
70338
70332
70305
70297
70292
70290
70288
70281
70278
70277
70267
70255
70254
70247
70231
70225
70221
70210
70199
70187
70182
70162
70153
70141
70141
70128
70127
70093
70081
70074
70061
70047
70047
70037
70011
70010
69975
69974
69965
69965
69962
69951
69944
69943
69933
69907
69896
69893
69882
69872
69867
69831
69824
69822
69812
69799
69798
69794
69780
69748
69726
69726
69720
69716
69692
69680
69671
69668
69664
69656
69649
69636
69608
69600
69582
69573
69564
69556
69550
69524
69515
69510
69502
69501
69496
69495
69475
69471
69471
69470
69470
69466
69463
69430
69406
69403
69398
69395
69395
69395
69383
69378
69370
69369
69358
69341
69330
69310
69301
69287
69278
69274
69258
69257
69252
69248
69226
69210
69183
69171
69145
69140
69138
69130
69080
69049
69045
69035
69033
69007
68992
68966
68964
68958
68939
68903
68900
68899
68899
68894
68889
68889
68885
68884
68881
68881
68869
68867
68862
68861
68839
68822
68810
68802
68793
68789
68780
68763
68752
68731
68726
68717
68705
68701
68699
68658
68650
68646
68639
68627
68625
68598
68594
68592
68588
68588
68577
68555
68553
68542
68542
68540
68530
68487
68480
68477
68474
68461
68451
68445
68429
68420
68412
68392
68387
68384
68379
68379
68370
68367
68367
68357
68350
68339
68330
68329
68303
68283
68240
68201
68188
68154
68137
68123
68120
68118
68111
68105
68073
68067
68066
68053
68038
68037
68026
67995
67995
67994
67994
67987
67987
67972
67972
67922
67921
67916
67911
67903
67900
67894
67893
67891
67877
67874
67839
67810
67804
67800
67730
67729
67726
67721
67704
67681
67678
67658
67642
67640
67618
67592
67576
67558
67554
67549
67545
67539
67491
67488
67478
67477
67476
67457
67434
67425
67416
67412
67412
67405
67380
67357
67341
67326
67325
67320
67317
67282
67279
67278
67273
67269
67267
67255
67252
67252
67247
67246
67244
67233
67203
67200
67200
67188
67187
67184
67182
67161
67156
67150
67146
67123
67112
67107
67100
67093
67089
67079
67074
67064
67034
67013
66993
66993
66968
66965
66949
66920
66911
66909
66906
66901
66899
66892
66883
66875
66865
66861
66855
66838
66837
66833
66830
66829
66825
66820
66809
66766
66754
66750
66747
66729
66721
66707
66684
66681
66679
66668
66657
66654
66621
66591
66588
66585
66579
66569
66566
66554
66553
66550
66545
66529
66525
66520
66518
66518
66515
66481
66472
66436
66408
66392
66373
66354
66343
66326
66287
66272
66270
66260
66258
66252
66216
66203
66199
66184
66160
66150
66148
66142
66137
66135
66130
66128
66125
66102
66092
66078
66073
66063
66049
66037
66024
66021
66016
66005
65998
65993
65988
65976
65962
65947
65940
65939
65933
65925
65886
65874
65869
65866
65849
65845
65839
65837
65821
65812
65757
65737
65729
65726
65723
65698
65697
65688
65683
65664
65650
65617
65586
65585
65558
65547
65539
65535
65535
65519
65512
65501
65475
65441
65440
65435
65423
65422
65401
65394
65384
65376
65373
65370
65324
65311
65309
65296
65283
65282
65274
65272
65264
65263
65257
65255
65255
65250
65241
65238
65216
65198
65190
65171
65168
65162
65135
65132
65123
65122
65114
65113
65109
65108
65082
65067
65051
65041
65040
65036
65025
65020
65013
65005
64956
64941
64937
64933
64921
64912
64911
64893
64883
64869
64862
64861
64858
64849
64848
64820
64815
64779
64766
64756
64745
64737
64737
64736
64722
64718
64714
64693
64686
64669
64657
64656
64627
64623
64619
64611
64608
64590
64583
64578
64548
64529
64525
64523
64500
64500
64491
64473
64472
64463
64456
64454
64453
64451
64438
64419
64418
64417
64409
64407
64404
64401
64377
64371
64370
64369
64365
64362
64354
64331
64303
64302
64283
64281
64280
64256
64256
64226
64225
64221
64217
64217
64209
64204
64188
64186
64185
64179
64156
64151
64145
64135
64121
64113
64109
64105
64090
64084
64069
64052
64034
64023
64015
64008
63963
63960
63909
63908
63903
63899
63864
63862
63836
63818
63803
63791
63770
63745
63745
63742
63735
63727
63707
63697
63692
63648
63644
63626
63612
63597
63596
63589
63571
63563
63562
63557
63540
63537
63531
63522
63520
63502
63469
63463
63452
63424
63395
63366
63366
63353
63331
63322
63321
63300
63297
63296
63286
63277
63263
63236
63221
63214
63214
63193
63178
63167
63158
63071
63056
63050
63029
62991
62980
62975
62956
62933
62929
62918
62902
62892
62874
62854
62820
62802
62797
62776
62764
62760
62759
62758
62722
62694
62689
62665
62663
62662
62662
62651
62622
62621
62597
62595
62584
62579
62569
62557
62553
62541
62541
62539
62522
62493
62477
62476
62472
62462
62448
62436
62420
62418
62412
62391
62384
62381
62379
62356
62316
62314
62314
62312
62308
62302
62296
62291
62268
62255
62247
62246
62215
62203
62187
62187
62179
62169
62151
62140
62103
62098
62091
62088
62050
62022
62017
61992
61966
61964
61959
61958
61951
61947
61934
61932
61879
61866
61862
61857
61845
61845
61827
61808
61800
61798
61771
61768
61764
61755
61742
61741
61737
61735
61726
61724
61722
61715
61711
61699
61698
61696
61688
61684
61683
61678
61671
61656
61650
61640
61634
61625
61613
61600
61595
61592
61576
61576
61552
61500
61500
61498
61482
61478
61476
61469
61468
61463
61463
61451
61448
61445
61417
61416
61395
61332
61329
61317
61295
61289
61285
61276
61263
61260
61243
61223
61222
61216
61203
61192
61187
61174
61172
61160
61154
61147
61142
61141
61131
61119
61115
61083
61077
61054
61052
61039
61030
61027
61023
61018
61014
60995
60984
60978
60965
60961
60954
60948
60938
60931
60927
60920
60918
60897
60886
60847
60843
60822
60819
60802
60800
60798
60788
60786
60780
60769
60767
60764
60739
60722
60719
60709
60704
60704
60702
60678
60666
60666
60658
60650
60641
60636
60632
60620
60617
60608
60604
60599
60586
60571
60562
60553
60547
60532
60518
60510
60491
60482
60468
60464
60430
60422
60421
60408
60401
60397
60396
60391
60378
60340
60333
60328
60328
60292
60281
60271
60261
60261
60226
60222
60215
60186
60184
60178
60159
60126
60111
60111
60102
60101
60101
60098
60092
60078
60073
60059
60036
60036
60032
60028
60021
60019
60006
60005
60004
60004
59997
59995
59994
59985
59983
59967
59964
59957
59938
59930
59927
59924
59911
59880
59874
59872
59868
59850
59847
59835
59829
59827
59825
59806
59785
59720
59714
59696
59696
59667
59663
59628
59616
59565
59553
59548
59532
59522
59478
59460
59453
59429
59417
59408
59393
59392
59388
59386
59361
59348
59331
59296
59296
59271
59270
59256
59249
59220
59219
59205
59201
59199
59186
59178
59165
59158
59118
59115
59103
59095
59062
59055
59048
59026
59026
59006
58998
58981
58972
58963
58961
58957
58953
58951
58932
58930
58915
58902
58902
58887
58877
58873
58852
58851
58835
58827
58826
58824
58821
58821
58811
58790
58770
58765
58691
58689
58679
58679
58675
58665
58662
58648
58619
58618
58610
58598
58597
58592
58573
58566
58565
58551
58544
58539
58531
58529
58527
58498
58495
58494
58477
58470
58452
58447
58437
58434
58427
58390
58383
58378
58375
58375
58365
58351
58351
58350
58324
58320
58301
58295
58283
58279
58273
58268
58260
58258
58257
58248
58235
58215
58203
58162
58161
58159
58155
58132
58126
58121
58115
58109
58106
58104
58098
58097
58095
58081
58080
58065
58048
58042
58031
58029
58014
58009
57983
57978
57966
57956
57944
57931
57925
57868
57855
57855
57842
57837
57832
57825
57801
57761
57744
57705
57688
57653
57648
57639
57636
57633
57629
57620
57613
57604
57599
57587
57572
57562
57551
57550
57544
57527
57497
57485
57481
57474
57467
57444
57437
57404
57372
57365
57362
57344
57341
57341
57327
57303
57303
57288
57288
57264
57255
57251
57246
57234
57232
57232
57220
57217
57213
57211
57192
57189
57181
57164
57156
57145
57136
57135
57129
57121
57090
57076
57058
57053
57049
57042
57012
57006
56996
56978
56958
56945
56942
56930
56930
56921
56916
56915
56912
56904
56889
56872
56850
56828
56819
56798
56798
56783
56780
56769
56762
56751
56747
56740
56733
56732
56705
56692
56685
56683
56678
56677
56668
56665
56653
56568
56556
56546
56535
56523
56502
56498
56461
56449
56445
56435
56430
56426
56425
56422
56417
56417
56406
56367
56356
56344
56331
56323
56302
56302
56292
56276
56271
56262
56259
56248
56230
56212
56207
56182
56178
56137
56124
56123
56104
56086
56085
56068
56063
56057
56049
56038
56032
56020
56013
56001
55981
55981
55981
55981
55967
55959
55959
55954
55934
55920
55906
55900
55899
55867
55860
55839
55834
55823
55818
55812
55779
55775
55759
55735
55721
55702
55702
55692
55691
55684
55674
55652
55643
55643
55628
55622
55603
55584
55582
55573
55570
55569
55551
55550
55550
55543
55542
55540
55505
55489
55487
55485
55477
55475
55464
55451
55450
55447
55432
55431
55426
55412
55409
55389
55377
55375
55373
55370
55369
55357
55357
55349
55347
55343
55311
55305
55281
55271
55259
55245
55226
55217
55205
55181
55169
55150
55144
55139
55134
55128
55128
55113
55110
55107
55102
55079
55072
55067
55057
55033
55033
55031
55025
55023
55016
55004
54988
54972
54965
54955
54949
54933
54932
54927
54920
54915
54905
54900
54883
54879
54869
54868
54862
54861
54854
54852
54849
54848
54840
54834
54822
54819
54814
54801
54784
54781
54762
54749
54744
54703
54692
54689
54680
54678
54657
54649
54646
54617
54600
54594
54538
54528
54526
54522
54481
54479
54476
54475
54463
54453
54436
54426
54416
54378
54370
54352
54351
54334
54321
54308
54291
54280
54256
54242
54241
54236
54233
54223
54210
54182
54148
54148
54148
54145
54139
54135
54126
54119
54109
54096
54065
54058
54056
54054
54041
54020
54014
54000
53997
53994
53991
53965
53939
53935
53924
53916
53909
53891
53885
53856
53840
53829
53809
53790
53788
53787
53784
53776
53759
53747
53725
53712
53700
53697
53695
53687
53672
53662
53642
53627
53624
53615
53588
53588
53576
53571
53548
53538
53535
53531
53529
53516
53483
53472
53472
53459
53457
53453
53431
53431
53430
53424
53422
53420
53418
53393
53343
53341
53336
53336
53303
53292
53289
53264
53262
53261
53257
53241
53240
53237
53214
53214
53198
53179
53152
53148
53146
53144
53141
53138
53137
53135
53127
53119
53096
53079
53079
53074
53073
53072
53043
53042
53028
53010
53004
52993
52982
52974
52973
52969
52964
52944
52918
52918
52914
52912
52911
52900
52898
52893
52880
52879
52874
52874
52871
52867
52855
52830
52790
52766
52748
52747
52744
52728
52726
52726
52725
52720
52707
52702
52702
52697
52680
52667
52666
52664
52662
52650
52649
52637
52601
52600
52597
52597
52594
52593
52584
52559
52542
52526
52514
52506
52503
52488
52477
52469
52466
52461
52429
52414
52414
52413
52411
52385
52382
52378
52372
52342
52336
52330
52317
52313
52308
52292
52284
52284
52284
52265
52261
52260
52258
52207
52186
52166
52165
52150
52149
52135
52128
52113
52109
52106
52082
52064
52031
52027
52015
52011
51999
51982
51981
51979
51974
51973
51962
51961
51954
51949
51928
51910
51909
51907
51906
51897
51890
51880
51878
51877
51873
51869
51868
51862
51858
51856
51844
51843
51821
51810
51806
51801
51795
51789
51778
51745
51734
51729
51725
51720
51720
51713
51703
51700
51698
51688
51680
51653
51651
51643
51638
51637
51622
51617
51614
51612
51586
51576
51569
51540
51533
51525
51522
51512
51512
51504
51503
51500
51478
51466
51462
51461
51434
51409
51395
51379
51369
51346
51344
51301
51297
51292
51288
51278
51270
51258
51246
51237
51203
51200
51184
51172
51170
51168
51163
51156
51156
51151
51144
51144
51140
51131
51129
51118
51109
51107
51103
51099
51097
51092
51074
51074
51072
51057
51050
51023
51015
51014
51014
51006
50965
50961
50952
50938
50899
50895
50888
50827
50826
50821
50815
50814
50814
50797
50786
50773
50764
50753
50753
50737
50734
50718
50708
50704
50688
50679
50679
50666
50650
50632
50630
50628
50600
50597
50596
50593
50576
50576
50573
50563
50562
50561
50561
50551
50547
50531
50521
50505
50496
50475
50474
50472
50465
50457
50446
50432
50419
50392
50364
50359
50345
50344
50342
50336
50331
50331
50327
50320
50314
50313
50282
50272
50268
50265
50263
50248
50235
50229
50223
50217
50212
50196
50193
50177
50176
50126
50091
50075
50039
50036
50035
50031
50025
49988
49953
49952
49950
49947
49934
49918
49910
49881
49881
49878
49873
49871
49864
49862
49857
49846
49845
49840
49772
49765
49764
49763
49761
49761
49736
49726
49721
49720
49716
49716
49706
49670
49663
49661
49643
49639
49627
49622
49621
49614
49595
49594
49571
49570
49570
49567
49545
49515
49508
49484
49477
49458
49457
49446
49416
49407
49401
49397
49393
49385
49346
49333
49325
49319
49296
49283
49280
49233
49205
49205
49184
49173
49169
49157
49155
49147
49137
49130
49129
49110
49110
49096
49059
49050
49021
48992
48977
48974
48973
48967
48957
48951
48950
48940
48939
48925
48894
48878
48869
48865
48862
48858
48855
48852
48836
48832
48824
48819
48804
48804
48799
48785
48785
48778
48767
48757
48737
48730
48720
48719
48704
48674
48663
48660
48635
48631
48628
48622
48610
48602
48590
48588
48582
48577
48577
48554
48549
48544
48539
48537
48534
48523
48496
48496
48488
48485
48473
48471
48448
48442
48429
48396
48383
48371
48364
48346
48337
48309
48309
48308
48307
48298
48289
48289
48283
48282
48236
48235
48234
48216
48197
48194
48187
48181
48173
48169
48167
48160
48159
48153
48142
48116
48112
48090
48087
48072
48070
48067
48045
48043
48027
48018
47981
47977
47944
47921
47887
47882
47881
47874
47869
47856
47850
47836
47813
47778
47778
47762
47759
47753
47740
47731
47716
47715
47703
47692
47690
47667
47659
47652
47648
47634
47634
47594
47593
47592
47584
47583
47577
47560
47559
47539
47529
47529
47525
47523
47516
47504
47504
47503
47487
47486
47485
47479
47476
47475
47474
47473
47464
47450
47434
47417
47384
47369
47364
47353
47352
47345
47343
47334
47319
47315
47313
47309
47308
47304
47303
47293
47291
47259
47242
47221
47217
47206
47197
47187
47155
47155
47126
47120
47114
47108
47101
47096
47093
47083
47080
47077
47074
47067
47061
47050
47042
47035
47031
47026
47026
47017
47008
47001
46998
46970
46909
46902
46884
46884
46876
46864
46837
46831
46826
46825
46808
46794
46783
46775
46774
46745
46718
46693
46658
46648
46640
46625
46622
46608
46604
46595
46554
46517
46513
46507
46498
46489
46484
46483
46461
46458
46458
46451
46446
46438
46436
46424
46416
46404
46400
46393
46377
46316
46315
46308
46306
46303
46301
46298
46294
46290
46280
46278
46269
46259
46193
46169
46160
46160
46153
46140
46133
46129
46123
46114
46114
46110
46106
46103
46085
46084
46076
46073
46069
46055
46053
46052
46021
46009
45994
45991
45983
45980
45977
45976
45972
45944
45940
45928
45920
45913
45911
45907
45896
45881
45868
45852
45841
45841
45836
45778
45771
45757
45751
45749
45738
45736
45731
45726
45724
45717
45710
45697
45695
45683
45655
45646
45644
45609
45600
45595
45583
45564
45545
45521
45516
45514
45510
45504
45500
45489
45486
45452
45446
45442
45408
45388
45387
45374
45364
45361
45356
45352
45341
45318
45317
45280
45260
45250
45249
45242
45237
45237
45228
45221
45211
45200
45198
45192
45183
45182
45169
45154
45153
45145
45112
45101
45099
45098
45094
45091
45087
45081
45079
45072
45056
45052
45031
45018
45005
44973
44959
44957
44941
44940
44903
44898
44892
44886
44865
44845
44843
44837
44834
44833
44825
44790
44785
44778
44773
44763
44752
44743
44720
44717
44701
44696
44691
44682
44679
44677
44676
44673
44664
44624
44622
44618
44614
44611
44608
44605
44604
44598
44590
44563
44562
44562
44561
44557
44541
44535
44527
44517
44508
44506
44487
44483
44474
44464
44463
44457
44442
44431
44425
44423
44421
44411
44394
44386
44378
44375
44362
44360
44338
44306
44303
44302
44295
44294
44281
44263
44246
44220
44217
44214
44206
44202
44200
44197
44195
44192
44174
44170
44162
44153
44148
44144
44134
44122
44109
44109
44105
44104
44095
44082
44054
44051
44050
44036
44018
44016
44003
43991
43983
43974
43959
43959
43958
43936
43931
43927
43918
43914
43913
43913
43910
43908
43902
43900
43896
43875
43871
43849
43836
43835
43832
43821
43818
43818
43801
43799
43794
43715
43712
43711
43703
43700
43697
43692
43672
43661
43646
43623
43618
43617
43617
43598
43577
43574
43564
43553
43553
43512
43487
43466
43465
43464
43458
43451
43439
43438
43425
43416
43416
43410
43409
43403
43402
43398
43392
43390
43356
43340
43321
43303
43300
43261
43258
43254
43241
43217
43190
43187
43171
43159
43149
43140
43139
43135
43112
43104
43084
43081
43079
43052
43033
43030
43030
43025
43022
43021
43013
42997
42965
42962
42954
42948
42942
42936
42930
42912
42911
42909
42879
42852
42851
42850
42832
42832
42823
42817
42806
42791
42774
42760
42747
42745
42743
42737
42715
42695
42690
42685
42676
42670
42667
42630
42629
42628
42603
42594
42590
42585
42576
42563
42560
42560
42558
42549
42546
42538
42537
42515
42497
42490
42451
42432
42423
42416
42407
42404
42392
42389
42377
42359
42357
42355
42337
42334
42297
42286
42281
42267
42252
42243
42241
42236
42227
42217
42205
42194
42187
42185
42175
42166
42152
42149
42147
42146
42114
42095
42090
42040
42039
41981
41979
41949
41945
41943
41943
41934
41919
41907
41889
41852
41835
41821
41816
41808
41802
41772
41764
41763
41747
41716
41693
41684
41664
41640
41635
41629
41628
41621
41609
41581
41568
41567
41557
41544
41540
41511
41507
41505
41503
41480
41453
41449
41448
41442
41418
41409
41401
41390
41389
41388
41356
41354
41351
41325
41324
41310
41297
41286
41268
41226
41219
41217
41208
41201
41194
41182
41179
41176
41158
41134
41134
41128
41118
41115
41076
41073
41059
41038
41034
41034
41023
41007
40988
40985
40953
40948
40924
40918
40908
40877
40861
40848
40847
40828
40826
40826
40823
40822
40807
40798
40779
40770
40732
40730
40728
40710
40708
40701
40699
40680
40672
40670
40641
40636
40633
40606
40605
40592
40592
40589
40570
40566
40552
40540
40519
40484
40473
40472
40466
40461
40455
40452
40436
40412
40402
40395
40385
40375
40371
40371
40370
40359
40354
40348
40345
40339
40328
40325
40318
40317
40315
40308
40307
40284
40269
40269
40264
40255
40234
40230
40216
40207
40206
40190
40187
40182
40181
40173
40163
40156
40148
40145
40144
40138
40107
40098
40098
40089
40043
40042
40019
40007
39996
39987
39976
39969
39962
39961
39959
39938
39938
39915
39913
39912
39902
39897
39895
39884
39879
39823
39819
39814
39801
39777
39775
39774
39765
39749
39745
39710
39680
39679
39673
39667
39653
39621
39598
39591
39586
39579
39572
39568
39567
39557
39552
39548
39534
39524
39510
39492
39489
39486
39480
39477
39474
39472
39444
39441
39428
39413
39410
39404
39388
39383
39365
39364
39334
39330
39319
39312
39310
39289
39282
39277
39276
39274
39271
39268
39257
39250
39248
39245
39227
39218
39213
39213
39203
39167
39162
39151
39145
39137
39136
39121
39111
39106
39102
39094
39084
39075
39070
39065
39062
39055
39042
39036
39023
39006
38991
38968
38959
38955
38949
38946
38939
38930
38909
38906
38901
38897
38879
38876
38872
38865
38861
38859
38844
38840
38822
38820
38819
38818
38813
38802
38796
38793
38783
38783
38782
38777
38772
38755
38752
38745
38737
38732
38730
38727
38719
38692
38688
38685
38673
38668
38660
38656
38649
38646
38635
38627
38623
38609
38607
38599
38585
38564
38548
38530
38528
38524
38519
38514
38499
38478
38467
38467
38457
38442
38439
38432
38432
38432
38429
38421
38418
38399
38371
38365
38358
38350
38342
38322
38311
38309
38306
38292
38286
38281
38276
38272
38261
38245
38226
38225
38221
38218
38207
38186
38185
38179
38156
38154
38153
38137
38119
38118
38113
38111
38107
38098
38098
38087
38061
38061
38051
38050
38045
38035
38033
38031
38005
38004
37997
37995
37989
37988
37983
37963
37961
37957
37956
37951
37945
37940
37914
37910
37904
37903
37898
37896
37890
37883
37871
37851
37845
37840
37822
37807
37789
37782
37776
37763
37760
37760
37759
37736
37722
37720
37712
37705
37670
37665
37654
37640
37636
37636
37622
37615
37591
37566
37543
37536
37530
37527
37524
37511
37497
37494
37493
37478
37471
37466
37462
37446
37436
37426
37402
37385
37380
37375
37370
37367
37359
37354
37339
37331
37321
37318
37317
37312
37290
37285
37280
37274
37264
37254
37222
37202
37179
37168
37128
37101
37068
37048
37040
37038
37033
37025
37011
37006
36996
36994
36983
36954
36913
36909
36892
36891
36873
36870
36845
36804
36773
36761
36760
36739
36731
36726
36720
36705
36693
36687
36684
36683
36657
36622
36613
36613
36605
36603
36579
36571
36568
36568
36562
36553
36543
36535
36531
36515
36509
36503
36487
36480
36458
36450
36446
36438
36420
36406
36406
36405
36395
36376
36373
36347
36344
36340
36338
36301
36281
36232
36229
36224
36209
36178
36175
36169
36166
36135
36123
36116
36086
36080
36071
36056
36056
36054
36042
36033
36031
36029
36028
36014
36010
35957
35947
35915
35908
35904
35887
35883
35880
35864
35859
35847
35838
35825
35809
35780
35764
35754
35754
35736
35729
35714
35705
35683
35675
35667
35660
35640
35636
35631
35630
35621
35612
35602
35600
35598
35590
35584
35582
35580
35579
35578
35577
35552
35528
35520
35517
35478
35467
35448
35444
35443
35432
35432
35407
35406
35406
35395
35386
35385
35367
35362
35360
35353
35337
35325
35315
35306
35290
35271
35264
35258
35229
35226
35225
35217
35211
35211
35205
35202
35192
35188
35121
35119
35110
35109
35107
35093
35091
35085
35082
35073
35071
35050
35024
35013
35005
35004
34994
34980
34962
34952
34943
34940
34937
34922
34922
34917
34913
34904
34903
34899
34884
34879
34876
34876
34872
34856
34856
34853
34850
34833
34829
34821
34806
34804
34798
34797
34780
34778
34775
34755
34751
34733
34732
34719
34704
34703
34697
34689
34686
34669
34658
34649
34619
34614
34612
34597
34579
34578
34574
34563
34562
34554
34496
34488
34484
34479
34453
34450
34436
34435
34424
34421
34415
34403
34396
34394
34381
34362
34353
34339
34337
34335
34329
34329
34323
34319
34317
34311
34304
34303
34291
34291
34288
34243
34211
34204
34203
34188
34181
34165
34149
34145
34142
34140
34139
34136
34122
34114
34106
34102
34083
34083
34069
34067
34057
34034
34021
34013
34013
34007
34006
34004
33998
33990
33963
33943
33933
33922
33921
33918
33900
33895
33888
33886
33875
33857
33856
33854
33850
33850
33844
33838
33830
33810
33809
33793
33791
33775
33771
33768
33762
33759
33755
33733
33731
33724
33716
33664
33650
33648
33635
33627
33621
33601
33600
33587
33582
33548
33541
33520
33514
33503
33496
33486
33485
33461
33436
33426
33408
33403
33389
33332
33332
33323
33322
33317
33307
33266
33262
33248
33243
33233
33231
33222
33214
33205
33195
33195
33194
33189
33183
33164
33146
33122
33122
33105
33101
33091
33082
33065
33060
33054
33050
33034
33028
33016
33002
33000
32994
32987
32976
32946
32944
32940
32940
32925
32909
32905
32900
32884
32871
32866
32864
32849
32825
32823
32820
32756
32748
32743
32740
32725
32707
32699
32699
32699
32698
32694
32688
32650
32642
32642
32641
32640
32638
32635
32631
32598
32590
32589
32588
32584
32584
32571
32565
32564
32559
32550
32547
32541
32525
32524
32511
32491
32464
32453
32445
32425
32422
32417
32403
32399
32395
32391
32367
32328
32309
32299
32281
32276
32265
32262
32224
32215
32209
32188
32177
32162
32156
32120
32113
32107
32095
32085
32077
32074
32061
32049
32036
32005
31994
31991
31991
31956
31946
31943
31923
31917
31879
31878
31878
31876
31848
31841
31836
31820
31820
31817
31812
31795
31786
31784
31778
31762
31756
31739
31725
31711
31701
31695
31671
31667
31650
31636
31625
31623
31614
31607
31601
31592
31582
31579
31568
31543
31525
31522
31521
31495
31494
31482
31463
31461
31455
31450
31416
31410
31401
31397
31395
31391
31391
31379
31375
31369
31366
31363
31355
31351
31343
31342
31341
31339
31330
31326
31319
31299
31299
31295
31294
31279
31278
31259
31249
31230
31222
31221
31211
31198
31189
31188
31182
31179
31164
31164
31158
31133
31118
31111
31099
31089
31062
31023
31017
31014
31008
31008
30995
30994
30977
30949
30916
30905
30901
30898
30892
30887
30885
30874
30872
30868
30866
30828
30823
30816
30811
30810
30810
30786
30770
30768
30767
30766
30765
30747
30732
30713
30697
30684
30667
30651
30644
30643
30641
30602
30594
30584
30573
30564
30563
30553
30529
30514
30500
30499
30488
30485
30482
30476
30471
30459
30457
30457
30453
30412
30406
30395
30387
30378
30372
30339
30339
30333
30333
30325
30300
30297
30286
30274
30263
30262
30256
30254
30249
30248
30244
30242
30237
30235
30234
30232
30214
30200
30197
30188
30184
30170
30131
30117
30117
30114
30112
30110
30106
30102
30095
30091
30081
30070
30061
30055
30044
30041
30022
30001
29955
29952
29950
29946
29935
29931
29928
29927
29912
29880
29879
29844
29841
29828
29824
29814
29810
29792
29782
29781
29779
29774
29760
29749
29737
29723
29709
29684
29672
29669
29668
29665
29659
29648
29647
29628
29628
29628
29618
29615
29596
29584
29573
29565
29565
29563
29561
29550
29541
29536
29535
29527
29519
29516
29511
29511
29492
29492
29486
29481
29472
29470
29468
29462
29450
29449
29447
29442
29441
29411
29405
29390
29386
29377
29376
29363
29331
29327
29325
29321
29320
29316
29305
29300
29298
29292
29291
29288
29284
29261
29256
29249
29243
29242
29233
29232
29218
29198
29191
29180
29167
29165
29148
29146
29145
29141
29115
29108
29078
29069
29068
29058
29056
29055
29043
29026
29018
29010
29002
28999
28996
28993
28956
28952
28950
28938
28925
28924
28893
28879
28862
28860
28858
28858
28858
28796
28793
28793
28792
28790
28782
28767
28762
28744
28706
28695
28691
28686
28672
28632
28626
28626
28609
28592
28583
28561
28536
28533
28529
28515
28514
28509
28492
28466
28460
28454
28451
28427
28415
28412
28401
28400
28386
28383
28378
28355
28350
28324
28319
28318
28312
28271
28240
28236
28234
28231
28229
28204
28171
28171
28159
28098
28096
28088
28087
28072
28058
28053
28050
28035
28006
28004
28001
27996
27994
27966
27965
27951
27943
27926
27924
27914
27914
27913
27912
27906
27905
27905
27904
27873
27862
27838
27814
27812
27780
27771
27763
27755
27755
27746
27736
27715
27714
27711
27692
27692
27651
27645
27641
27610
27603
27596
27565
27537
27536
27522
27521
27503
27501
27496
27494
27490
27469
27464
27447
27439
27414
27409
27403
27388
27371
27346
27342
27339
27335
27316
27311
27286
27284
27281
27277
27276
27270
27253
27253
27240
27239
27231
27223
27205
27204
27184
27179
27175
27169
27161
27146
27146
27111
27096
27082
27079
27077
27065
27056
27055
27051
27035
27031
27026
27020
27000
27000
26987
26961
26953
26944
26944
26938
26933
26908
26904
26887
26879
26875
26869
26859
26840
26838
26831
26823
26823
26787
26785
26784
26778
26772
26764
26764
26737
26732
26729
26708
26705
26692
26689
26675
26637
26632
26629
26626
26623
26603
26585
26567
26557
26550
26528
26516
26515
26513
26506
26492
26438
26430
26407
26399
26393
26392
26377
26374
26363
26362
26351
26340
26323
26321
26309
26303
26285
26269
26260
26244
26242
26237
26236
26231
26219
26189
26162
26145
26145
26143
26138
26132
26131
26124
26095
26081
26078
26059
26053
26052
26051
26044
26022
26009
25992
25985
25982
25971
25959
25958
25941
25927
25911
25907
25906
25906
25886
25868
25857
25823
25807
25805
25783
25777
25773
25773
25747
25735
25718
25717
25715
25709
25702
25700
25682
25669
25657
25629
25625
25615
25612
25608
25603
25598
25582
25576
25576
25556
25547
25543
25527
25526
25519
25518
25510
25473
25433
25421
25402
25394
25393
25393
25384
25383
25366
25351
25342
25289
25282
25281
25279
25274
25272
25270
25265
25259
25259
25252
25242
25240
25226
25210
25198
25194
25169
25147
25132
25131
25122
25119
25099
25093
25037
25020
24994
24954
24947
24945
24941
24913
24908
24908
24904
24900
24894
24893
24878
24870
24870
24865
24861
24848
24847
24846
24844
24839
24812
24812
24811
24802
24795
24794
24766
24732
24730
24715
24713
24702
24697
24689
24668
24663
24661
24648
24642
24600
24599
24578
24576
24567
24547
24532
24531
24530
24527
24518
24518
24501
24496
24493
24488
24479
24457
24447
24444
24436
24430
24419
24417
24395
24383
24380
24378
24374
24371
24359
24357
24356
24349
24341
24330
24324
24323
24321
24319
24301
24296
24292
24286
24285
24281
24279
24243
24236
24233
24226
24219
24182
24167
24166
24162
24159
24155
24145
24133
24132
24122
24096
24082
24075
24070
24069
24058
24039
24039
24004
24000
24000
23984
23978
23966
23956
23952
23949
23943
23943
23927
23924
23920
23900
23896
23893
23888
23861
23848
23838
23834
23827
23812
23800
23800
23774
23767
23761
23759
23748
23733
23725
23698
23687
23680
23662
23639
23623
23620
23620
23615
23609
23593
23584
23578
23569
23563
23557
23545
23541
23538
23537
23530
23524
23520
23506
23503
23501
23500
23473
23469
23463
23461
23459
23456
23445
23441
23431
23429
23410
23404
23397
23396
23388
23359
23351
23336
23334
23330
23327
23327
23325
23319
23301
23286
23270
23267
23260
23259
23255
23252
23242
23241
23239
23236
23220
23215
23214
23213
23201
23197
23182
23176
23134
23134
23130
23129
23121
23093
23065
23064
23050
23044
23033
23005
22995
22986
22984
22902
22902
22890
22888
22873
22873
22863
22861
22839
22836
22829
22824
22809
22799
22793
22782
22772
22737
22729
22723
22721
22720
22711
22690
22683
22683
22670
22656
22639
22637
22634
22631
22609
22604
22597
22593
22591
22572
22562
22559
22558
22512
22494
22491
22486
22470
22468
22450
22445
22419
22411
22409
22401
22395
22393
22391
22371
22369
22366
22362
22355
22353
22344
22340
22333
22326
22320
22287
22282
22243
22221
22211
22208
22205
22191
22187
22186
22181
22170
22165
22162
22158
22142
22137
22137
22128
22122
22106
22095
22062
22060
22047
22043
22042
22036
22024
22024
22023
22010
22005
21997
21992
21990
21985
21984
21978
21974
21955
21942
21940
21936
21925
21921
21918
21913
21870
21863
21831
21805
21805
21800
21797
21784
21780
21777
21767
21760
21739
21707
21701
21684
21662
21661
21632
21625
21575
21565
21523
21522
21506
21506
21494
21486
21484
21483
21474
21446
21438
21425
21413
21407
21406
21405
21404
21386
21373
21369
21366
21353
21350
21324
21311
21307
21302
21281
21266
21257
21257
21250
21248
21231
21229
21220
21214
21206
21202
21188
21187
21159
21152
21135
21124
21087
21083
21072
21064
21063
21062
21053
21050
21049
21044
21024
21024
20999
20956
20952
20925
20889
20881
20849
20845
20825
20801
20792
20789
20769
20751
20733
20718
20716
20712
20703
20681
20665
20651
20638
20632
20625
20621
20619
20597
20592
20575
20573
20572
20562
20541
20531
20520
20516
20488
20483
20476
20450
20444
20442
20434
20431
20410
20388
20384
20382
20379
20371
20360
20353
20344
20341
20339
20329
20319
20312
20302
20299
20299
20273
20271
20270
20262
20262
20249
20246
20245
20238
20227
20226
20225
20213
20211
20205
20202
20201
20200
20175
20161
20149
20144
20142
20129
20122
20116
20087
20086
20086
20059
20054
20051
20028
20020
20018
20017
20011
19990
19981
19975
19946
19933
19924
19924
19921
19911
19903
19864
19862
19825
19822
19813
19803
19802
19800
19783
19774
19766
19760
19752
19740
19739
19738
19731
19724
19715
19671
19657
19656
19654
19642
19633
19630
19622
19621
19615
19600
19599
19597
19580
19572
19561
19526
19517
19517
19504
19472
19442
19441
19439
19402
19382
19369
19365
19363
19345
19344
19343
19328
19287
19282
19282
19275
19274
19273
19267
19259
19256
19252
19246
19239
19235
19226
19220
19219
19194
19192
19186
19186
19175
19170
19168
19156
19149
19137
19106
19101
19098
19088
19087
19081
19064
19060
19053
19050
19049
19044
19041
19037
19029
19019
19017
19006
19003
18990
18984
18980
18966
18953
18938
18893
18879
18874
18864
18857
18844
18843
18833
18831
18819
18813
18811
18809
18786
18777
18775
18771
18760
18755
18718
18704
18694
18694
18685
18675
18671
18666
18666
18662
18656
18652
18644
18642
18641
18635
18629
18619
18602
18602
18590
18586
18578
18576
18567
18558
18557
18545
18543
18529
18519
18511
18497
18496
18486
18484
18482
18465
18462
18456
18454
18429
18422
18416
18407
18405
18401
18389
18388
18376
18367
18344
18326
18312
18301
18292
18278
18273
18270
18256
18256
18246
18230
18197
18195
18161
18155
18128
18113
18112
18109
18104
18102
18095
18089
18070
18032
18031
18024
18017
18011
18011
18007
18001
17988
17986
17982
17968
17950
17941
17937
17929
17923
17917
17907
17890
17889
17889
17878
17877
17876
17872
17845
17840
17833
17828
17824
17823
17802
17798
17790
17789
17784
17780
17778
17768
17768
17713
17705
17705
17688
17652
17625
17610
17607
17605
17593
17583
17581
17574
17557
17555
17536
17521
17499
17490
17468
17447
17437
17431
17428
17411
17408
17406
17404
17370
17368
17359
17359
17339
17335
17319
17304
17303
17300
17291
17277
17253
17248
17237
17229
17208
17189
17186
17139
17130
17130
17127
17125
17104
17095
17092
17066
17060
17051
17039
17000
16992
16988
16970
16966
16932
16919
16914
16894
16877
16871
16864
16847
16847
16833
16829
16827
16818
16813
16808
16805
16794
16779
16778
16728
16727
16715
16703
16702
16697
16694
16693
16687
16685
16683
16661
16655
16653
16643
16642
16633
16631
16621
16607
16606
16591
16589
16588
16583
16573
16571
16548
16541
16523
16519
16513
16486
16465
16462
16447
16424
16422
16420
16416
16399
16394
16331
16280
16254
16253
16250
16236
16217
16210
16201
16198
16195
16193
16191
16184
16133
16118
16111
16107
16102
16073
16072
16070
16053
16033
16031
16027
16015
16012
16008
16006
16004
16002
15995
15987
15984
15974
15964
15957
15942
15941
15935
15914
15913
15913
15899
15884
15880
15877
15866
15865
15861
15853
15827
15805
15801
15800
15770
15767
15767
15765
15762
15757
15756
15740
15726
15718
15713
15703
15683
15671
15632
15612
15570
15542
15506
15501
15499
15485
15483
15469
15461
15456
15449
15447
15439
15436
15431
15421
15420
15389
15388
15371
15363
15346
15344
15333
15313
15302
15299
15292
15290
15282
15264
15262
15241
15229
15171
15143
15129
15117
15092
15091
15086
15075
15058
15041
15003
14989
14988
14976
14975
14962
14961
14948
14945
14938
14931
14924
14920
14918
14913
14911
14889
14883
14882
14880
14878
14875
14858
14858
14847
14839
14830
14828
14825
14819
14815
14801
14795
14779
14777
14774
14773
14769
14765
14741
14722
14712
14705
14694
14691
14685
14676
14653
14645
14638
14632
14626
14620
14620
14616
14612
14599
14598
14593
14590
14545
14545
14527
14518
14505
14482
14475
14474
14467
14466
14452
14442
14436
14431
14385
14376
14374
14372
14366
14351
14338
14328
14328
14325
14282
14277
14273
14261
14254
14254
14254
14248
14245
14229
14224
14189
14188
14180
14179
14168
14157
14157
14146
14143
14081
14075
14049
14047
14042
14042
14031
14022
14007
14006
14003
13991
13991
13955
13947
13941
13908
13903
13903
13878
13853
13848
13847
13846
13838
13834
13827
13813
13804
13797
13784
13756
13745
13741
13733
13721
13719
13693
13686
13683
13673
13671
13667
13648
13648
13646
13646
13644
13640
13630
13627
13607
13594
13593
13586
13583
13556
13536
13508
13487
13486
13482
13479
13472
13461
13439
13435
13394
13388
13381
13379
13375
13371
13369
13368
13362
13347
13344
13333
13330
13323
13321
13320
13312
13298
13289
13244
13241
13237
13233
13231
13221
13214
13213
13201
13195
13171
13163
13147
13147
13144
13141
13099
13083
13077
13076
13069
13060
13050
13047
13046
13045
13026
12968
12947
12943
12924
12915
12908
12901
12892
12880
12875
12869
12865
12839
12835
12830
12822
12817
12815
12805
12802
12791
12786
12776
12771
12737
12707
12698
12692
12683
12678
12678
12678
12677
12673
12672
12654
12649
12645
12608
12602
12572
12570
12560
12557
12529
12502
12477
12469
12468
12467
12457
12435
12428
12418
12413
12407
12393
12380
12373
12365
12352
12339
12332
12330
12319
12314
12310
12305
12286
12281
12269
12267
12267
12228
12222
12212
12205
12193
12189
12188
12180
12160
12154
12143
12139
12136
12131
12129
12128
12123
12123
12086
12084
12082
12077
12061
12039
12012
12005
12002
11992
11985
11980
11964
11960
11960
11957
11941
11931
11930
11929
11899
11893
11881
11877
11858
11824
11822
11818
11813
11800
11783
11783
11779
11770
11760
11742
11736
11714
11686
11683
11676
11663
11660
11659
11658
11649
11642
11638
11634
11630
11589
11584
11557
11555
11551
11545
11534
11524
11522
11522
11518
11512
11509
11492
11485
11474
11469
11469
11466
11442
11436
11430
11409
11404
11397
11397
11383
11379
11361
11353
11340
11336
11334
11328
11320
11311
11308
11292
11286
11280
11271
11269
11267
11262
11257
11255
11229
11207
11201
11193
11176
11174
11150
11147
11134
11132
11125
11107
11095
11094
11094
11092
11086
11081
11076
11073
11065
11032
11031
11021
11017
11005
11001
10999
10986
10953
10950
10949
10935
10929
10926
10911
10888
10881
10875
10874
10868
10868
10855
10854
10845
10844
10830
10799
10795
10783
10776
10770
10763
10761
10753
10749
10738
10735
10722
10720
10707
10699
10694
10684
10681
10674
10672
10664
10656
10653
10648
10618
10607
10606
10601
10562
10549
10534
10534
10531
10527
10527
10524
10500
10491
10460
10443
10421
10419
10412
10411
10408
10406
10398
10397
10394
10377
10376
10376
10372
10362
10360
10359
10354
10353
10350
10346
10318
10248
10241
10195
10182
10180
10174
10162
10152
10143
10142
10124
10119
10112
10100
10095
10085
10082
10072
10067
10065
10041
10016
10010
9993
9975
9974
9970
9970
9969
9967
9961
9950
9950
9942
9931
9915
9894
9876
9873
9872
9865
9850
9841
9837
9825
9822
9800
9795
9783
9768
9767
9760
9756
9754
9741
9725
9719
9715
9715
9713
9712
9707
9702
9699
9698
9693
9649
9644
9642
9633
9612
9595
9595
9592
9589
9585
9577
9545
9543
9537
9507
9495
9483
9433
9425
9420
9419
9398
9389
9353
9345
9330
9306
9296
9264
9248
9227
9222
9220
9214
9196
9181
9181
9159
9152
9142
9137
9106
9099
9095
9087
9082
9070
9053
9048
9039
9031
9004
9004
8973
8964
8964
8961
8947
8942
8924
8901
8900
8899
8883
8878
8873
8863
8863
8858
8851
8841
8839
8832
8826
8820
8815
8810
8792
8792
8789
8782
8781
8780
8775
8774
8767
8742
8730
8720
8700
8685
8678
8665
8633
8625
8625
8614
8608
8604
8597
8595
8581
8578
8574
8552
8550
8521
8519
8515
8510
8503
8500
8497
8497
8494
8485
8483
8471
8470
8461
8460
8431
8423
8417
8411
8396
8370
8361
8345
8321
8314
8314
8308
8297
8289
8264
8236
8226
8223
8186
8172
8166
8146
8132
8129
8120
8116
8115
8103
8100
8093
8092
8090
8087
8086
8068
8063
8017
8016
8011
7992
7981
7970
7970
7960
7956
7953
7947
7916
7907
7886
7869
7859
7856
7845
7818
7811
7798
7792
7781
7781
7773
7762
7760
7745
7727
7698
7675
7647
7646
7643
7622
7620
7620
7618
7607
7596
7573
7570
7555
7551
7546
7546
7543
7531
7500
7496
7489
7489
7481
7480
7480
7455
7446
7430
7414
7412
7409
7403
7397
7393
7368
7353
7348
7348
7346
7273
7271
7261
7254
7248
7239
7222
7210
7179
7173
7162
7141
7126
7094
7056
7054
7048
7036
7022
7004
6997
6994
6992
6966
6945
6930
6923
6922
6917
6910
6899
6894
6885
6882
6871
6866
6841
6838
6834
6817
6802
6800
6788
6776
6775
6761
6757
6751
6738
6725
6709
6702
6685
6654
6636
6631
6629
6629
6625
6611
6600
6592
6566
6562
6559
6553
6551
6542
6526
6513
6511
6507
6498
6493
6446
6444
6443
6433
6431
6424
6420
6415
6412
6377
6375
6372
6372
6355
6333
6319
6317
6304
6290
6283
6273
6261
6254
6252
6242
6238
6229
6204
6202
6193
6191
6181
6163
6153
6141
6138
6127
6122
6120
6110
6104
6100
6079
6072
6064
6040
6039
6026
6021
6016
5988
5965
5956
5948
5934
5915
5907
5899
5887
5872
5862
5859
5814
5804
5795
5765
5751
5742
5706
5699
5697
5693
5682
5668
5642
5641
5635
5631
5625
5572
5555
5547
5537
5521
5504
5497
5496
5492
5491
5479
5476
5469
5466
5464
5452
5430
5424
5423
5418
5413
5406
5405
5405
5400
5396
5377
5366
5359
5359
5346
5341
5341
5333
5319
5317
5316
5310
5309
5295
5295
5293
5292
5287
5281
5276
5257
5256
5245
5237
5229
5206
5204
5196
5170
5170
5128
5114
5107
5104
5103
5071
5071
5069
5059
5058
5056
5034
5032
5016
5000
4993
4990
4990
4976
4973
4971
4971
4961
4959
4957
4951
4939
4936
4931
4922
4921
4907
4897
4880
4874
4874
4868
4864
4847
4843
4836
4831
4829
4829
4819
4819
4817
4808
4804
4795
4792
4792
4788
4757
4756
4743
4729
4728
4720
4697
4685
4676
4669
4620
4616
4593
4580
4574
4540
4531
4497
4489
4487
4483
4467
4461
4458
4455
4447
4447
4444
4443
4442
4428
4423
4387
4376
4376
4345
4322
4322
4318
4292
4277
4249
4240
4232
4228
4228
4222
4215
4207
4186
4185
4165
4146
4138
4138
4136
4128
4127
4120
4118
4116
4104
4100
4095
4095
4077
4058
4058
4053
4048
4047
4040
4038
4024
4012
4009
4004
3984
3981
3973
3964
3949
3936
3926
3923
3910
3909
3903
3891
3884
3874
3871
3861
3816
3782
3779
3777
3769
3767
3753
3745
3738
3728
3713
3710
3703
3689
3669
3667
3663
3645
3638
3625
3621
3601
3579
3568
3562
3558
3528
3520
3500
3490
3488
3471
3466
3464
3442
3441
3425
3419
3412
3397
3380
3369
3355
3351
3336
3314
3314
3302
3291
3266
3261
3259
3224
3223
3220
3214
3207
3185
3179
3142
3130
3112
3108
3100
3090
3066
3055
3054
3052
3028
3025
3005
2993
2960
2956
2950
2950
2948
2944
2926
2920
2920
2911
2894
2888
2877
2868
2867
2866
2837
2830
2829
2821
2795
2792
2791
2786
2782
2764
2762
2760
2744
2740
2738
2727
2717
2709
2700
2644
2611
2598
2590
2586
2578
2575
2552
2549
2534
2524
2490
2472
2458
2441
2419
2418
2394
2391
2387
2386
2371
2359
2339
2337
2323
2313
2303
2296
2292
2268
2258
2242
2236
2231
2228
2223
2206
2188
2183
2157
2151
2146
2145
2131
2130
2126
2123
2110
2021
2010
2002
1991
1988
1981
1977
1966
1953
1951
1949
1930
1927
1922
1920
1918
1869
1864
1855
1823
1783
1757
1741
1702
1694
1688
1668
1657
1643
1638
1636
1625
1609
1596
1586
1567
1560
1549
1548
1538
1520
1516
1515
1513
1481
1470
1462
1455
1449
1446
1436
1435
1413
1408
1399
1395
1392
1388
1377
1366
1351
1305
1302
1288
1285
1262
1261
1239
1239
1228
1203
1190
1189
1160
1159
1138
1124
1121
1110
1082
1076
1057
1053
1037
1035
1030
1008
1006
979
978
976
963
945
934
934
933
910
907
891
858
854
848
845
841
839
832
824
809
773
756
742
734
731
722
717
714
707
703
702
683
677
675
670
659
630
628
622
609
592
588
586
585
575
567
567
567
565
561
554
545
536
533
529
522
518
510
508
505
504
493
484
478
469
457
453
453
446
442
442
439
415
405
401
386
381
375
375
373
371
363
363
332
318
314
310
304
299
289
277
256
254
254
252
244
241
215
196
185
173
158
155
139
135
111
99
81
79
74
69
68
61
56
50
45
43
42
37
18
