99995
99993
99989
99983
99964
99960
99951
99939
99918
99909
99905
99905
99889
99886
99871
99856
99851
99843
99838
99837
99833
99811
99806
99803
99778
99748
99732
99716
99690
99685
99665
99657
99657
99637
99624
99606
99582
99582
99577
99576
99558
99528
99518
99513
99503
99495
99491
99476
99476
99460
99432
99431
99426
99399
99396
99395
99394
99385
99374
99367
99359
99326
99321
99319
99312
99311
99310
99305
99297
99293
99287
99285
99282
99274
99255
99251
99236
99235
99235
99208
99196
99175
99173
99161
99143
99096
99088
99081
99075
99069
99056
99056
99046
98995
98986
98982
98975
98969
98967
98963
98961
98928
98928
98924
98923
98917
98900
98898
98887
98882
98882
98870
98866
98839
98829
98817
98814
98813
98813
98796
98791
98774
98759
98756
98744
98742
98734
98729
98718
98709
98705
98690
98690
98679
98674
98671
98666
98663
98637
98635
98627
98614
98611
98598
98579
98575
98563
98528
98513
98510
98480
98464
98431
98424
98423
98416
98416
98390
98386
98385
98383
98381
98352
98351
98343
98329
98320
98319
98318
98306
98293
98292
98266
98266
98257
98251
98246
98236
98233
98231
98227
98224
98217
98215
98213
98206
98204
98198
98196
98190
98189
98164
98163
98152
98149
98141
98129
98116
98107
98100
98094
98068
98062
98048
98027
98020
98008
97971
97962
97960
97954
97924
97895
97884
97882
97870
97865
97859
97844
97826
97825
97813
97811
97781
97774
97773
97769
97769
97764
97750
97727
97722
97688
97659
97657
97648
97647
97647
97642
97642
97628
97597
97591
97591
97590
97589
97587
97563
97560
97559
97547
97542
97540
97535
97520
97501
97497
97488
97464
97455
97440
97437
97433
97396
97364
97360
97351
97340
97340
97338
97320
97315
97303
97299
97288
97288
97277
97264
97256
97235
97231
97229
97228
97221
97221
97215
97208
97205
97204
97202
97193
97193
97190
97190
97186
97180
97173
97156
97154
97128
97117
97095
97078
97076
97075
97071
97029
97012
97007
97003
96991
96978
96964
96964
96962
96952
96947
96935
96930
96917
96917
96917
96914
96891
96889
96868
96859
96856
96850
96794
96778
96748
96745
96727
96723
96706
96705
96703
96687
96686
96683
96673
96669
96656
96655
96653
96645
96622
96622
96613
96601
96599
96582
96579
96559
96535
96521
96487
96481
96467
96460
96433
96405
96400
96395
96373
96366
96364
96343
96332
96332
96321
96309
96306
96303
96274
96236
96230
96228
96215
96210
96201
96181
96146
96141
96133
96125
96115
96102
96087
96080
96063
96061
96060
96049
96043
96034
96006
96000
95955
95911
95895
95878
95864
95854
95837
95829
95813
95813
95812
95795
95795
95792
95790
95699
95696
95694
95692
95681
95672
95670
95656
95643
95639
95638
95628
95625
95594
95592
95581
95581
95567
95561
95559
95550
95545
95528
95527
95522
95518
95516
95510
95506
95504
95496
95491
95489
95465
95461
95450
95449
95433
95430
95426
95400
95396
95380
95352
95326
95319
95291
95290
95287
95283
95280
95278
95276
95274
95255
95247
95238
95230
95171
95167
95152
95144
95138
95134
95129
95103
95086
95084
95056
95055
95047
95046
95033
95027
95025
95017
95004
94982
94979
94974
94961
94927
94926
94921
94913
94893
94892
94873
94832
94828
94817
94807
94784
94771
94768
94768
94764
94731
94729
94729
94724
94711
94710
94703
94696
94683
94657
94656
94634
94623
94618
94617
94617
94605
94556
94556
94547
94544
94536
94535
94525
94509
94494
94494
94481
94478
94469
94461
94461
94456
94455
94443
94418
94415
94410
94403
94402
94359
94348
94340
94332
94329
94322
94319
94311
94295
94288
94257
94251
94239
94230
94227
94200
94187
94161
94156
94135
94123
94115
94081
94073
94058
94053
94021
94012
93999
93983
93970
93963
93939
93938
93931
93921
93915
93906
93894
93893
93878
93874
93851
93847
93841
93821
93820
93816
93803
93785
93778
93771
93768
93762
93761
93761
93746
93745
93737
93726
93703
93693
93686
93669
93661
93648
93627
93618
93576
93566
93562
93556
93539
93525
93521
93500
93480
93472
93469
93452
93442
93437
93427
93420
93389
93377
93374
93360
93357
93342
93335
93326
93322
93311
93307
93259
93256
93254
93237
93214
93204
93203
93190
93183
93173
93171
93162
93120
93117
93116
93110
93100
93089
93077
93068
93065
93057
93037
93036
93034
93030
93029
93027
93015
93015
93012
93006
93000
92995
92987
92967
92966
92945
92930
92889
92880
92874
92870
92850
92842
92837
92818
92817
92814
92811
92802
92801
92792
92790
92782
92776
92758
92750
92743
92742
92729
92726
92715
92711
92710
92696
92696
92696
92688
92621
92618
92614
92613
92600
92578
92571
92564
92550
92544
92535
92533
92521
92520
92501
92481
92481
92476
92474
92456
92448
92423
92413
92409
92408
92402
92400
92394
92383
92370
92366
92358
92347
92340
92336
92335
92333
92330
92326
92319
92315
92303
92279
92271
92254
92251
92242
92234
92224
92211
92211
92175
92175
92136
92134
92110
92095
92086
92086
92062
92028
92018
91999
91997
91996
91988
91974
91967
91950
91938
91919
91914
91913
91907
91902
91890
91867
91867
91857
91851
91844
91834
91833
91826
91826
91817
91815
91810
91807
91806
91802
91802
91788
91778
91766
91764
91755
91749
91723
91713
91708
91707
91703
91698
91697
91679
91677
91657
91639
91635
91617
91610
91610
91591
91573
91564
91550
91547
91539
91534
91534
91532
91522
91515
91515
91496
91490
91486
91484
91476
91464
91455
91443
91443
91431
91424
91414
91411
91396
91391
91389
91366
91356
91343
91342
91308
91302
91297
91287
91284
91281
91267
91255
91254
91253
91236
91224
91221
91205
91201
91196
91189
91186
91184
91166
91159
91155
91153
91149
91142
91137
91130
91128
91115
91113
91112
91077
91072
91058
91053
91050
91025
91018
91012
91012
90993
90977
90974
90968
90947
90932
90919
90906
90887
90885
90885
90871
90865
90850
90847
90840
90836
90827
90823
90788
90786
90786
90786
90780
90768
90758
90753
90712
90708
90707
90691
90679
90672
90664
90639
90616
90610
90607
90605
90592
90583
90582
90575
90566
90558
90543
90542
90521
90509
90485
90463
90462
90452
90439
90436
90425
90417
90403
90383
90370
90366
90357
90355
90354
90338
90320
90319
90309
90306
90298
90284
90279
90266
90245
90244
90237
90223
90220
90205
90198
90196
90185
90178
90172
90160
90138
90136
90134
90133
90132
90124
90119
90111
90104
90103
90097
90095
90091
90088
90079
90071
90036
90026
90017
90000
89990
89989
89979
89978
89976
89974
89969
89960
89911
89910
89909
89884
89882
89859
89853
89847
89824
89800
89799
89797
89794
89791
89791
89784
89776
89775
89768
89735
89735
89722
89714
89706
89682
89681
89672
89671
89668
89658
89656
89653
89651
89648
89635
89631
89624
89608
89608
89605
89581
89567
89565
89547
89542
89537
89527
89473
89469
89447
89443
89441
89435
89421
89413
89391
89373
89373
89372
89363
89360
89354
89353
89349
89341
89340
89322
89321
89318
89304
89297
89294
89294
89292
89286
89285
89281
89273
89271
89269
89264
89264
89261
89232
89228
89227
89219
89191
89189
89166
89140
89119
89101
89093
89083
89077
89035
89016
88996
88973
88973
88962
88949
88946
88934
88924
88914
88903
88898
88882
88880
88878
88862
88851
88841
88833
88825
88814
88804
88804
88799
88791
88788
88782
88775
88771
88753
88732
88728
88725
88717
88702
88694
88677
88673
88663
88658
88627
88622
88621
88617
88615
88614
88612
88610
88604
88598
88597
88592
88570
88563
88554
88549
88547
88540
88512
88506
88506
88503
88468
88462
88456
88423
88393
88365
88355
88344
88340
88330
88318
88303
88294
88285
88280
88272
88271
88268
88265
88224
88223
88218
88215
88211
88199
88198
88198
88195
88192
88185
88154
88137
88117
88106
88105
88101
88101
88095
88082
88067
88061
88060
88037
88036
88035
88034
88031
88019
88011
88006
88000
87979
87979
87975
87968
87964
87947
87945
87930
87908
87901
87896
87892
87879
87873
87861
87846
87838
87834
87826
87814
87809
87803
87801
87799
87786
87785
87785
87773
87772
87745
87740
87733
87717
87703
87692
87685
87673
87670
87668
87663
87657
87645
87644
87628
87621
87617
87609
87603
87595
87579
87564
87548
87542
87533
87531
87527
87520
87514
87510
87502
87500
87495
87494
87491
87489
87465
87458
87455
87448
87441
87430
87427
87412
87402
87386
87362
87343
87343
87327
87326
87325
87321
87318
87313
87307
87297
87291
87286
87256
87251
87251
87245
87244
87244
87240
87231
87209
87209
87186
87166
87148
87146
87142
87133
87127
87115
87106
87077
87063
87049
87046
87045
87037
87027
87010
86967
86958
86958
86956
86945
86939
86930
86929
86927
86917
86905
86897
86877
86864
86854
86852
86847
86836
86826
86809
86798
86784
86749
86749
86728
86721
86716
86704
86701
86677
86673
86659
86659
86656
86654
86638
86626
86624
86619
86598
86591
86588
86585
86582
86577
86560
86553
86533
86523
86515
86504
86504
86504
86496
86483
86480
86471
86466
86462
86454
86432
86430
86417
86404
86402
86389
86365
86354
86345
86327
86308
86280
86273
86271
86267
86266
86260
86259
86251
86243
86215
86209
86195
86188
86186
86178
86178
86153
86125
86123
86112
86103
86084
86081
86064
86026
86026
86004
85994
85986
85973
85968
85948
85937
85933
85909
85907
85905
85894
85872
85868
85858
85851
85849
85811
85770
85758
85757
85743
85741
85726
85720
85704
85692
85677
85670
85664
85644
85634
85631
85623
85620
85618
85595
85595
85592
85556
85529
85525
85505
85500
85489
85487
85481
85478
85476
85476
85474
85438
85433
85422
85419
85384
85381
85378
85361
85339
85337
85320
85307
85294
85293
85291
85288
85279
85279
85275
85275
85273
85255
85237
85237
85206
85201
85200
85170
85168
85156
85151
85147
85138
85098
85098
85097
85070
85068
85049
85046
85043
85041
85040
85035
85034
85011
84997
84989
84984
84976
84966
84949
84933
84924
84888
84885
84866
84864
84856
84855
84844
84842
84823
84808
84806
84795
84792
84784
84781
84763
84752
84746
84732
84716
84711
84710
84698
84696
84694
84683
84682
84681
84678
84671
84656
84652
84646
84638
84631
84626
84624
84612
84593
84590
84590
84578
84571
84566
84553
84544
84510
84496
84488
84486
84463
84463
84446
84433
84426
84401
84382
84376
84352
84350
84342
84335
84326
84305
84301
84301
84297
84260
84260
84238
84217
84204
84200
84178
84175
84158
84133
84129
84120
84120
84115
84108
84094
84092
84077
84075
84057
84036
84002
84001
83996
83990
83988
83978
83970
83950
83935
83928
83927
83921
83902
83899
83896
83891
83891
83880
83845
83837
83827
83814
83782
83781
83759
83752
83746
83742
83741
83731
83726
83723
83714
83713
83713
83701
83694
83692
83674
83673
83666
83660
83644
83644
83641
83609
83605
83587
83575
83573
83556
83547
83537
83517
83514
83514
83512
83505
83485
83476
83470
83465
83440
83437
83417
83411
83401
83396
83384
83377
83374
83371
83366
83358
83328
83323
83321
83320
83316
83296
83294
83294
83286
83262
83251
83245
83238
83232
83223
83211
83205
83193
83186
83181
83181
83156
83153
83122
83122
83118
83105
83096
83074
83072
83063
83058
83045
83031
83025
83011
83000
82983
82958
82952
82945
82938
82910
82905
82890
82825
82822
82815
82812
82804
82803
82802
82783
82770
82721
82717
82711
82707
82706
82685
82685
82679
82675
82670
82666
82649
82643
82642
82634
82622
82621
82617
82615
82613
82611
82610
82598
82577
82556
82549
82548
82545
82533
82532
82524
82523
82516
82497
82467
82455
82455
82453
82447
82442
82438
82435
82432
82432
82412
82386
82379
82358
82334
82326
82321
82319
82306
82294
82290
82276
82264
82252
82237
82233
82226
82224
82211
82207
82151
82149
82145
82144
82138
82121
82119
82095
82093
82082
82079
82066
82062
82043
82027
82023
82017
82016
82010
82007
81998
81970
81961
81947
81940
81938
81931
81914
81903
81886
81885
81877
81863
81859
81851
81840
81839
81834
81825
81821
81818
81817
81791
81789
81782
81781
81778
81776
81749
81747
81705
81694
81693
81679
81673
81665
81649
81648
81629
81618
81615
81613
81607
81591
81587
81582
81574
81555
81541
81530
81512
81436
81435
81432
81425
81411
81400
81399
81373
81370
81328
81317
81306
81267
81262
81255
81232
81216
81197
81157
81147
81146
81121
81119
81116
81108
81090
81086
81082
81081
81066
81060
81048
81033
81032
81031
81024
81008
80999
80997
80996
80976
80965
80935
80912
80905
80887
80885
80883
80849
80838
80834
80833
80804
80784
80783
80781
80779
80775
80744
80741
80740
80729
80709
80678
80673
80649
80648
80635
80626
80622
80622
80612
80609
80599
80591
80573
80572
80568
80559
80552
80540
80512
80512
80491
80463
80457
80451
80435
80433
80417
80414
80397
80391
80387
80377
80368
80368
80364
80336
80335
80305
80303
80299
80294
80292
80263
80253
80252
80233
80208
80204
80195
80185
80183
80182
80180
80180
80166
80150
80148
80133
80133
80109
80106
80096
80086
80082
80074
80072
80062
80023
80014
80011
79980
79959
79949
79946
79902
79896
79888
79879
79872
79850
79848
79840
79837
79821
79807
79797
79787
79772
79759
79759
79756
79755
79750
79748
79730
79724
79706
79703
79699
79691
79680
79678
79665
79637
79618
79613
79598
79584
79580
79555
79549
79549
79546
79531
79524
79519
79506
79491
79464
79449
79449
79446
79445
79439
79436
79425
79414
79402
79390
79384
79376
79372
79363
79349
79349
79345
79340
79327
79325
79319
79317
79314
79313
79313
79312
79306
79298
79296
79296
79294
79286
79269
79266
79252
79240
79239
79237
79174
79174
79173
79170
79168
79166
79150
79132
79111
79094
79091
79042
79034
79031
79016
79010
78998
78985
78984
78984
78960
78943
78914
78911
78882
78874
78871
78862
78855
78843
78838
78833
78828
78826
78826
78826
78812
78806
78795
78784
78778
78771
78762
78759
78755
78728
78712
78697
78690
78675
78670
78668
78653
78643
78628
78611
78608
78607
78605
78600
78579
78573
78558
78556
78542
78537
78529
78526
78523
78519
78517
78516
78500
78498
78497
78493
78486
78482
78476
78461
78453
78432
78423
78415
78413
78405
78383
78377
78355
78323
78317
78313
78310
78292
78283
78277
78259
78258
78241
78241
78236
78234
78232
78222
78221
78213
78204
78197
78189
78187
78183
78175
78174
78171
78159
78148
78140
78133
78128
78124
78114
78109
78087
78061
78058
78055
78053
78053
78052
78041
78030
78021
78017
78016
77987
77986
77982
77976
77974
77961
77946
77942
77940
77936
77934
77919
77905
77897
77892
77890
77869
77865
77858
77854
77851
77835
77827
77817
77814
77802
77792
77774
77768
77760
77756
77734
77731
77729
77716
77691
77687
77681
77675
77673
77661
77652
77652
77644
77632
77621
77621
77607
77604
77599
77581
77562
77559
77559
77550
77531
77531
77525
77509
77509
77509
77493
77479
77479
77474
77462
77456
77453
77449
77446
77442
77430
77425
77422
77421
77395
77395
77384
77383
77351
77350
77346
77339
77332
77329
77317
77311
77311
77310
77288
77268
77260
77205
77183
77172
77163
77159
77151
77147
77142
77136
77125
77122
77072
77061
77060
77060
77042
77040
77032
77030
77028
77018
77003
77001
77000
76996
76984
76974
76964
76952
76928
76925
76916
76916
76916
76909
76905
76894
76888
76882
76882
76876
76867
76862
76844
76843
76838
76830
76801
76789
76770
76769
76768
76759
76748
76747
76745
76743
76735
76708
76673
76673
76648
76634
76632
76617
76613
76610
76609
76590
76562
76554
76549
76541
76530
76522
76517
76513
76506
76496
76489
76484
76473
76463
76459
76454
76451
76450
76437
76427
76414
76406
76392
76377
76372
76350
76347
76340
76338
76292
76290
76276
76273
76264
76253
76236
76210
76194
76188
76181
76143
76140
76116
76102
76078
76064
76056
76034
76034
76011
76010
76007
76004
75997
75987
75985
75935
75926
75907
75891
75875
75870
75840
75795
75784
75776
75766
75762
75758
75715
75705
75695
75684
75679
75676
75670
75638
75632
75629
75629
75626
75623
75619
75580
75579
75552
75549
75538
75538
75537
75522
75518
75512
75506
75501
75483
75477
75475
75470
75456
75453
75451
75440
75431
75427
75423
75415
75403
75402
75388
75380
75363
75331
75325
75323
75311
75288
75288
75277
75257
75256
75249
75243
75231
75223
75210
75185
75159
75153
75143
75143
75142
75127
75119
75118
75118
75112
75098
75093
75091
75041
75034
75021
75019
74998
74978
74967
74941
74939
74918
74914
74912
74910
74908
74903
74888
74878
74846
74843
74841
74838
74830
74826
74816
74814
74805
74775
74770
74765
74762
74761
74755
74749
74721
74717
74701
74693
74683
74678
74674
74672
74667
74665
74657
74657
74604
74601
74591
74585
74582
74570
74556
74556
74554
74551
74550
74535
74499
74475
74469
74453
74448
74448
74436
74428
74417
74395
74393
74360
74353
74341
74341
74341
74326
74315
74290
74281
74264
74241
74221
74190
74184
74163
74137
74116
74111
74094
74093
74075
74075
74071
74068
74060
74037
74001
73961
73957
73941
73922
73920
73901
73892
73891
73875
73826
73822
73818
73809
73809
73793
73786
73782
73769
73750
73742
73742
73732
73718
73699
73690
73683
73675
73674
73668
73662
73637
73635
73625
73624
73610
73599
73573
73544
73538
73523
73519
73508
73490
73436
73423
73395
73379
73349
73343
73343
73338
73334
73321
73321
73317
73313
73282
73269
73240
73237
73229
73223
73209
73203
73200
73199
73192
73179
73176
73172
73168
73167
73159
73158
73139
73130
73129
73128
73123
73121
73116
73114
73111
73098
73087
73086
73079
73067
73063
73056
73054
73047
73038
73025
73017
73009
73004
72990
72987
72955
72925
72918
72914
72911
72908
72906
72898
72896
72880
72878
72839
72837
72827
72825
72823
72807
72791
72785
72769
72767
72754
72701
72698
72692
72680
72680
72658
72651
72650
72648
72637
72621
72620
72599
72590
72583
72564
72563
72552
72540
72540
72530
72523
72522
72520
72519
72509
72508
72488
72484
72479
72477
72475
72475
72471
72428
72419
72419
72417
72412
72412
72410
72408
72397
72397
72393
72392
72389
72380
72368
72354
72354
72346
72345
72336
72324
72312
72310
72309
72308
72298
72298
72292
72283
72247
72241
72239
72237
72231
72221
72218
72217
72204
72184
72174
72173
72172
72166
72166
72135
72129
72094
72094
72093
72087
72061
72057
72054
72047
72044
72036
72027
72026
71993
71992
71990
71982
71934
71929
71925
71920
71916
71900
71890
71880
71877
71877
71870
71859
71858
71857
71857
71844
71833
71829
71825
71825
71815
71814
71807
71804
71797
71792
71789
71789
71786
71780
71779
71766
71753
71753
71736
71728
71728
71703
71698
71680
71677
71676
71664
71664
71654
71640
71620
71612
71567
71560
71554
71546
71534
71509
71497
71491
71478
71471
71463
71460
71451
71437
71434
71431
71422
71421
71418
71418
71416
71402
71399
71397
71387
71379
71375
71373
71362
71359
71357
71348
71347
71342
71336
71332
71328
71306
71304
71299
71296
71258
71252
71246
71245
71218
71207
71199
71198
71189
71181
71145
71142
71134
71131
71128
71105
71099
71092
71089
71079
71075
71075
71053
71045
71008
71006
71003
71001
70987
70975
70969
70967
70959
70957
70950
70944
70910
70880
70878
70857
70838
70821
70816
70810
70803
70803
70796
70775
70770
70769
70763
70751
70750
70748
70744
70738
70732
70686
70682
70672
70671
70663
70657
70642
70638
70629
70628
70606
70602
70600
70587
70585
70580
70579
70577
70569
70551
70544
70540
70531
70525
70503
70503
70499
70465
70462
70456
70442
70441
70439
70431
70422
70422
70411
70404
70379
70377
70368
70361
70357
70330
70324
70324
70321
70319
70316
70304
70272
70268
70263
70242
70222
70212
70196
70192
70185
70148
70135
70129
70122
70106
70097
70089
70077
70073
70056
70049
70042
70028
70000
69979
69973
69972
69971
69966
69959
69933
69930
69929
69924
69919
69910
69907
69873
69853
69819
69810
69806
69796
69792
69789
69778
69768
69755
69751
69742
69731
69726
69685
69677
69675
69647
69597
69591
69550
69522
69509
69485
69481
69479
69472
69450
69443
69430
69397
69392
69376
69357
69354
69350
69326
69319
69293
69278
69274
69274
69263
69246
69226
69210
69180
69164
69151
69142
69135
69124
69082
69036
69034
69034
69024
69019
69016
69007
69003
68998
68992
68989
68975
68975
68974
68970
68946
68935
68919
68917
68906
68873
68870
68863
68855
68854
68850
68829
68794
68791
68763
68757
68752
68740
68738
68727
68723
68719
68715
68712
68705
68702
68698
68687
68670
68643
68607
68606
68600
68592
68576
68571
68556
68525
68511
68506
68501
68498
68496
68484
68484
68464
68443
68441
68433
68425
68421
68417
68413
68409
68402
68394
68380
68366
68363
68360
68358
68339
68338
68335
68335
68319
68317
68316
68307
68288
68286
68276
68268
68260
68246
68237
68187
68182
68177
68172
68154
68126
68096
68079
68073
68069
68061
68041
68034
68032
67999
67997
67992
67982
67974
67970
67945
67945
67939
67933
67917
67906
67900
67865
67856
67847
67837
67815
67790
67785
67782
67771
67764
67746
67730
67726
67724
67701
67701
67688
67687
67672
67671
67655
67603
67585
67575
67575
67573
67573
67572
67570
67568
67557
67551
67541
67528
67523
67517
67499
67499
67495
67478
67478
67474
67474
67455
67442
67419
67398
67364
67363
67358
67357
67353
67351
67334
67311
67302
67301
67291
67289
67278
67278
67277
67252
67247
67242
67219
67218
67209
67186
67185
67181
67172
67162
67156
67141
67139
67132
67132
67131
67117
67110
67076
67043
67031
67006
67004
67004
66988
66986
66974
66966
66960
66957
66951
66941
66940
66939
66930
66915
66913
66911
66893
66879
66871
66854
66848
66838
66831
66822
66817
66801
66798
66797
66773
66771
66766
66757
66756
66754
66746
66722
66720
66710
66705
66696
66664
66657
66651
66647
66622
66619
66610
66608
66605
66603
66589
66585
66579
66574
66560
66555
66549
66546
66540
66539
66534
66527
66516
66489
66488
66484
66456
66442
66436
66406
66376
66360
66360
66345
66336
66313
66311
66302
66300
66298
66269
66264
66261
66238
66234
66234
66230
66223
66222
66210
66201
66182
66170
66159
66153
66148
66145
66132
66122
66107
66099
66088
66065
66061
66060
66040
66029
66011
65998
65995
65980
65931
65930
65926
65909
65896
65888
65877
65859
65851
65844
65843
65841
65839
65824
65823
65801
65801
65799
65792
65764
65713
65709
65706
65705
65698
65687
65686
65670
65660
65659
65644
65641
65638
65634
65632
65630
65627
65601
65596
65592
65569
65557
65557
65555
65540
65511
65496
65458
65441
65440
65429
65421
65413
65412
65403
65400
65389
65370
65364
65358
65341
65329
65326
65292
65291
65282
65267
65265
65263
65257
65250
65247
65246
65239
65214
65192
65186
65184
65170
65154
65140
65137
65123
65121
65116
65077
65072
65071
65070
65065
65064
65060
65039
65038
65022
64996
64989
64982
64969
64956
64956
64947
64946
64927
64924
64914
64907
64890
64890
64887
64867
64865
64858
64850
64844
64833
64831
64831
64790
64784
64779
64749
64744
64730
64723
64700
64700
64691
64665
64636
64634
64615
64591
64585
64571
64567
64563
64560
64546
64528
64517
64516
64514
64509
64490
64489
64485
64475
64434
64422
64410
64380
64376
64371
64364
64360
64352
64352
64351
64351
64344
64343
64337
64314
64287
64280
64275
64267
64266
64258
64242
64226
64221
64211
64202
64196
64185
64173
64167
64167
64165
64164
64163
64118
64095
64070
64062
64051
64045
64041
64024
64011
63992
63991
63983
63975
63957
63950
63936
63923
63920
63920
63913
63905
63884
63883
63875
63858
63853
63852
63847
63840
63829
63824
63798
63797
63797
63792
63777
63767
63762
63752
63744
63703
63693
63688
63679
63671
63666
63658
63656
63652
63641
63641
63635
63623
63616
63606
63592
63542
63537
63533
63530
63491
63488
63485
63478
63456
63450
63435
63430
63428
63426
63421
63409
63402
63378
63377
63347
63343
63335
63322
63318
63307
63301
63298
63254
63245
63243
63242
63238
63235
63226
63226
63206
63196
63196
63193
63183
63181
63180
63176
63175
63174
63172
63165
63162
63159
63146
63134
63133
63104
63104
63101
63073
63044
63038
63031
63027
63000
62999
62994
62991
62956
62946
62931
62930
62929
62922
62920
62912
62910
62909
62880
62873
62869
62862
62836
62835
62832
62828
62821
62806
62778
62759
62757
62753
62731
62730
62722
62702
62693
62687
62686
62686
62672
62666
62665
62646
62627
62611
62611
62599
62597
62584
62584
62551
62549
62540
62530
62526
62511
62501
62498
62497
62493
62493
62492
62436
62430
62429
62428
62418
62408
62380
62372
62352
62349
62340
62322
62314
62290
62281
62279
62278
62274
62223
62206
62191
62190
62186
62179
62179
62161
62158
62157
62118
62066
62059
62039
62030
62026
62015
61998
61979
61972
61970
61955
61955
61911
61891
61888
61873
61855
61852
61844
61841
61817
61807
61799
61775
61770
61763
61762
61759
61759
61754
61743
61687
61682
61682
61676
61663
61661
61650
61645
61635
61605
61583
61581
61564
61555
61545
61537
61535
61533
61512
61500
61484
61453
61436
61433
61433
61430
61374
61371
61367
61356
61349
61348
61347
61322
61313
61308
61294
61289
61279
61250
61249
61232
61231
61230
61226
61202
61196
61184
61180
61163
61148
61144
61128
61127
61125
61123
61117
61110
61104
61094
61069
61060
61045
61032
61028
61006
60991
60986
60980
60979
60970
60966
60961
60956
60955
60952
60949
60927
60899
60880
60856
60856
60847
60826
60824
60820
60813
60805
60803
60800
60791
60790
60778
60738
60730
60726
60717
60708
60707
60702
60693
60688
60687
60683
60682
60648
60611
60603
60595
60594
60590
60587
60572
60539
60531
60527
60526
60524
60523
60519
60510
60500
60491
60482
60451
60443
60441
60435
60427
60414
60406
60385
60374
60354
60352
60348
60336
60332
60326
60323
60307
60307
60306
60305
60305
60296
60293
60278
60251
60242
60242
60218
60217
60182
60182
60179
60170
60159
60137
60137
60126
60124
60114
60114
60100
60099
60069
60068
60055
60050
60042
60028
60019
60013
60007
60006
60003
59987
59957
59956
59950
59937
59930
59928
59924
59921
59914
59886
59886
59876
59866
59852
59826
59825
59822
59815
59814
59807
59795
59794
59789
59772
59767
59764
59762
59747
59741
59727
59725
59719
59701
59689
59682
59678
59675
59675
59674
59665
59654
59648
59645
59634
59627
59620
59613
59611
59608
59603
59595
59551
59544
59526
59518
59515
59512
59508
59500
59497
59496
59488
59484
59482
59477
59461
59459
59445
59437
59435
59417
59417
59415
59413
59398
59381
59374
59369
59367
59367
59348
59277
59269
59266
59259
59257
59242
59221
59183
59172
59164
59154
59154
59151
59105
59093
59083
59074
59065
59054
59052
59047
59044
59013
59010
59010
59009
58991
58976
58974
58966
58957
58948
58948
58943
58941
58929
58927
58904
58898
58883
58864
58853
58850
58847
58837
58833
58818
58818
58808
58800
58791
58787
58785
58783
58769
58718
58713
58692
58692
58684
58681
58668
58660
58657
58645
58642
58635
58632
58627
58627
58622
58610
58598
58593
58589
58548
58542
58515
58508
58500
58476
58470
58470
58465
58457
58410
58405
58404
58404
58390
58385
58383
58372
58361
58353
58331
58329
58327
58297
58293
58293
58285
58261
58225
58221
58196
58194
58194
58160
58160
58154
58137
58133
58109
58109
58099
58094
58088
58086
58072
58056
58047
58044
58042
58041
58029
58003
58002
58000
57979
57975
57969
57969
57959
57952
57944
57941
57936
57922
57902
57901
57891
57858
57848
57815
57783
57780
57778
57760
57753
57738
57729
57721
57714
57704
57678
57672
57667
57663
57660
57659
57654
57640
57636
57632
57618
57598
57595
57588
57573
57561
57537
57535
57533
57517
57500
57494
57492
57467
57465
57461
57453
57443
57424
57418
57400
57394
57380
57374
57368
57364
57363
57342
57338
57325
57315
57314
57299
57284
57271
57270
57268
57265
57265
57262
57251
57229
57214
57196
57196
57155
57149
57125
57116
57087
57079
57076
57070
57063
57062
57061
57055
57050
57047
57043
57022
57020
57010
57004
56987
56964
56945
56930
56922
56912
56905
56904
56902
56887
56880
56855
56849
56820
56818
56810
56803
56791
56789
56783
56780
56766
56752
56747
56744
56726
56722
56722
56708
56708
56706
56699
56695
56690
56682
56656
56636
56635
56630
56621
56603
56566
56545
56531
56509
56507
56504
56484
56481
56480
56444
56443
56436
56436
56419
56413
56408
56407
56400
56393
56393
56381
56374
56357
56348
56335
56326
56311
56304
56289
56266
56263
56243
56243
56241
56227
56222
56211
56211
56203
56201
56184
56184
56183
56181
56175
56156
56152
56147
56136
56134
56093
56087
56081
56077
56071
56041
56022
56015
56012
55999
55998
55995
55991
55982
55978
55978
55961
55946
55942
55935
55935
55927
55923
55914
55880
55877
55876
55866
55840
55819
55815
55805
55738
55732
55716
55709
55709
55697
55693
55667
55655
55625
55622
55618
55607
55599
55582
55576
55576
55566
55539
55539
55538
55535
55519
55512
55503
55503
55501
55501
55497
55497
55493
55490
55485
55473
55470
55468
55466
55461
55460
55440
55429
55422
55408
55386
55356
55346
55327
55311
55304
55287
55258
55250
55244
55215
55198
55192
55187
55184
55181
55177
55174
55161
55158
55145
55124
55123
55123
55118
55100
55082
55082
55078
55076
55037
55035
54984
54978
54978
54970
54967
54963
54962
54960
54950
54943
54928
54901
54893
54861
54860
54851
54849
54831
54819
54799
54796
54770
54767
54762
54753
54751
54729
54684
54679
54651
54643
54632
54591
54577
54568
54533
54529
54518
54505
54481
54481
54474
54469
54468
54447
54423
54423
54414
54386
54385
54363
54359
54325
54316
54311
54308
54298
54297
54293
54284
54284
54280
54276
54256
54249
54228
54223
54198
54194
54152
54149
54143
54142
54136
54123
54103
54094
54094
54092
54090
54074
54071
54070
54034
54018
54009
54000
53932
53919
53908
53906
53896
53888
53885
53885
53876
53872
53869
53859
53850
53846
53843
53838
53824
53822
53821
53819
53794
53784
53772
53753
53751
53748
53747
53737
53718
53710
53700
53697
53687
53674
53654
53641
53636
53610
53600
53597
53596
53595
53579
53572
53572
53559
53555
53542
53537
53531
53512
53505
53499
53484
53460
53453
53424
53399
53382
53382
53381
53379
53348
53338
53323
53305
53303
53275
53268
53257
53244
53243
53241
53228
53226
53224
53214
53202
53194
53192
53189
53187
53181
53174
53130
53127
53119
53102
53097
53089
53083
53077
53074
53071
53047
53045
53044
53025
53024
53009
53007
52998
52997
52993
52990
52987
52978
52963
52958
52951
52949
52942
52940
52934
52928
52925
52901
52890
52876
52863
52862
52855
52835
52831
52817
52794
52778
52775
52771
52760
52742
52717
52688
52681
52674
52672
52668
52651
52640
52632
52632
52619
52608
52607
52604
52601
52580
52569
52553
52547
52525
52523
52522
52517
52512
52507
52487
52474
52472
52468
52464
52464
52459
52436
52432
52420
52406
52402
52390
52365
52356
52324
52322
52316
52315
52288
52276
52274
52269
52266
52263
52256
52251
52246
52239
52234
52223
52217
52207
52203
52195
52189
52153
52152
52152
52129
52124
52121
52118
52114
52092
52090
52068
52039
52039
52037
52036
52031
52025
52020
52015
52012
51984
51980
51973
51972
51966
51961
51943
51931
51924
51921
51907
51894
51891
51886
51880
51880
51877
51868
51855
51848
51846
51846
51834
51807
51806
51798
51783
51762
51757
51726
51713
51711
51690
51685
51650
51642
51634
51630
51617
51613
51610
51593
51560
51553
51526
51525
51523
51518
51512
51497
51486
51472
51471
51466
51463
51460
51459
51455
51452
51444
51438
51425
51424
51417
51378
51368
51357
51343
51333
51330
51329
51314
51304
51302
51284
51259
51249
51248
51241
51239
51205
51197
51170
51156
51153
51150
51148
51143
51136
51128
51120
51117
51115
51082
51082
51076
51072
51070
51066
51053
51051
51045
51025
51022
51021
51010
51003
51000
50995
50994
50990
50972
50966
50964
50907
50899
50894
50873
50869
50849
50841
50837
50826
50818
50811
50790
50788
50787
50786
50783
50775
50756
50755
50749
50718
50707
50698
50679
50669
50649
50614
50613
50586
50585
50583
50580
50567
50566
50560
50559
50555
50555
50548
50540
50540
50523
50520
50487
50478
50460
50458
50458
50452
50387
50376
50352
50348
50337
50324
50310
50301
50279
50270
50259
50258
50252
50243
50229
50226
50220
50215
50205
50194
50179
50166
50163
50162
50154
50144
50118
50095
50078
50078
50076
50072
50071
50064
50044
50044
50036
50036
50035
50027
50018
50004
49996
49994
49981
49969
49968
49968
49960
49957
49933
49931
49923
49899
49872
49871
49864
49856
49849
49848
49837
49832
49790
49789
49780
49756
49745
49738
49736
49732
49711
49699
49697
49691
49684
49679
49679
49657
49642
49640
49638
49636
49632
49627
49617
49609
49560
49556
49552
49543
49541
49535
49524
49514
49505
49476
49471
49454
49452
49438
49434
49427
49412
49411
49404
49393
49392
49388
49382
49365
49365
49363
49363
49356
49355
49327
49323
49321
49301
49300
49300
49289
49263
49246
49226
49204
49184
49162
49130
49125
49123
49116
49113
49109
49102
49093
49087
49067
49058
49047
49040
49024
49023
49015
49013
49013
48987
48982
48970
48959
48954
48945
48943
48940
48939
48938
48928
48875
48859
48852
48815
48807
48796
48789
48769
48757
48757
48755
48754
48747
48742
48740
48724
48717
48713
48709
48708
48697
48695
48668
48665
48657
48653
48649
48649
48641
48619
48615
48613
48599
48593
48590
48585
48568
48556
48543
48540
48540
48522
48517
48493
48492
48479
48473
48472
48451
48443
48437
48403
48379
48370
48360
48356
48337
48326
48292
48289
48284
48263
48248
48217
48216
48213
48209
48202
48195
48171
48169
48168
48149
48140
48128
48075
48059
48055
48033
48015
47969
47963
47959
47951
47948
47930
47926
47915
47908
47906
47891
47870
47847
47842
47840
47832
47830
47819
47794
47789
47787
47783
47780
47777
47776
47758
47744
47732
47708
47685
47682
47679
47674
47670
47668
47658
47654
47649
47646
47635
47625
47574
47574
47568
47538
47534
47533
47521
47513
47503
47494
47480
47480
47468
47445
47440
47437
47431
47418
47381
47375
47369
47366
47336
47308
47306
47304
47290
47280
47258
47258
47255
47249
47245
47234
47225
47219
47213
47206
47200
47197
47175
47171
47167
47152
47150
47146
47129
47126
47112
47087
47082
47075
47060
47046
47020
46984
46971
46963
46957
46954
46945
46935
46929
46928
46908
46907
46891
46887
46875
46870
46867
46847
46842
46822
46794
46791
46783
46772
46767
46763
46761
46760
46757
46755
46751
46747
46747
46738
46734
46719
46718
46708
46692
46681
46678
46654
46651
46647
46634
46633
46629
46610
46606
46603
46589
46586
46574
46558
46552
46547
46547
46535
46531
46520
46495
46495
46480
46477
46468
46467
46418
46404
46388
46376
46374
46374
46366
46345
46327
46325
46314
46310
46298
46282
46277
46269
46265
46262
46255
46253
46239
46229
46161
46153
46128
46084
46072
46062
46037
45996
45972
45972
45960
45957
45943
45937
45924
45923
45909
45861
45857
45853
45832
45818
45815
45815
45800
45792
45772
45762
45745
45742
45739
45719
45705
45688
45685
45681
45635
45621
45621
45616
45613
45604
45590
45588
45581
45559
45552
45544
45503
45459
45451
45446
45439
45433
45411
45403
45395
45377
45342
45333
45319
45311
45303
45301
45299
45294
45290
45289
45261
45256
45224
45224
45221
45200
45197
45195
45183
45175
45160
45147
45136
45117
45091
45088
45086
45082
45082
45071
45066
45066
45055
45011
45001
45000
44998
44965
44963
44954
44928
44924
44912
44907
44861
44860
44839
44825
44822
44822
44806
44805
44784
44745
44736
44679
44676
44654
44651
44632
44618
44599
44582
44580
44561
44561
44559
44558
44547
44540
44530
44529
44509
44500
44498
44498
44495
44492
44451
44435
44419
44416
44403
44357
44327
44326
44321
44294
44280
44274
44271
44257
44243
44231
44228
44215
44205
44187
44183
44176
44172
44170
44140
44133
44128
44124
44117
44100
44094
44062
44060
44037
44036
44022
44018
43999
43998
43991
43982
43961
43932
43930
43917
43876
43876
43872
43870
43863
43860
43855
43849
43835
43820
43769
43766
43764
43751
43729
43728
43722
43712
43707
43700
43699
43692
43688
43688
43646
43644
43639
43637
43631
43614
43612
43612
43600
43593
43588
43556
43547
43544
43535
43529
43516
43513
43510
43509
43505
43485
43483
43481
43478
43458
43456
43453
43447
43446
43436
43419
43416
43408
43406
43405
43399
43386
43372
43309
43304
43297
43294
43276
43271
43255
43220
43203
43197
43175
43139
43119
43116
43114
43092
43082
43079
43077
43061
43056
43042
43039
43023
43022
43020
43012
43009
43007
43001
42990
42990
42978
42972
42971
42953
42946
42929
42900
42893
42892
42890
42878
42856
42851
42846
42841
42838
42833
42808
42799
42790
42784
42764
42762
42731
42728
42719
42719
42719
42719
42716
42702
42691
42681
42681
42673
42671
42663
42655
42636
42631
42606
42601
42586
42583
42579
42578
42567
42566
42561
42551
42533
42523
42508
42497
42476
42473
42460
42451
42440
42436
42411
42404
42398
42391
42378
42378
42373
42362
42349
42344
42330
42308
42294
42284
42278
42267
42234
42228
42226
42224
42222
42213
42200
42200
42196
42183
42179
42163
42162
42161
42146
42130
42129
42122
42119
42116
42113
42103
42091
42089
42058
42054
42039
42036
42032
42026
42025
42011
41994
41986
41966
41963
41955
41954
41954
41950
41920
41917
41913
41904
41885
41859
41857
41854
41850
41846
41826
41822
41819
41809
41805
41800
41768
41768
41756
41747
41735
41732
41723
41713
41707
41693
41687
41680
41667
41662
41618
41609
41608
41549
41546
41544
41543
41536
41526
41522
41522
41520
41515
41513
41507
41494
41489
41459
41450
41446
41441
41430
41397
41393
41380
41372
41368
41360
41352
41332
41313
41306
41301
41297
41294
41284
41267
41267
41262
41247
41246
41243
41242
41234
41223
41197
41176
41173
41148
41129
41118
41107
41106
41097
41096
41089
41086
41078
41075
41070
41058
41055
41042
41032
41021
41015
41013
40989
40987
40980
40976
40971
40966
40966
40951
40950
40947
40945
40932
40928
40927
40888
40872
40868
40853
40831
40826
40807
40805
40750
40736
40732
40709
40705
40688
40667
40662
40657
40647
40632
40632
40621
40583
40546
40538
40538
40537
40535
40513
40499
40495
40490
40489
40480
40468
40459
40445
40440
40428
40402
40385
40381
40371
40330
40324
40305
40280
40260
40237
40233
40230
40211
40202
40191
40170
40168
40168
40153
40149
40145
40098
40095
40092
40084
40080
40072
40065
40049
40035
40016
40000
39999
39999
39993
39989
39984
39982
39965
39958
39938
39931
39894
39891
39886
39876
39870
39866
39854
39843
39838
39836
39803
39800
39770
39758
39753
39740
39736
39729
39727
39702
39701
39694
39693
39672
39652
39651
39631
39600
39592
39570
39562
39558
39546
39532
39522
39509
39502
39500
39481
39478
39474
39466
39464
39458
39455
39443
39443
39442
39425
39420
39402
39401
39395
39348
39337
39337
39333
39330
39322
39308
39276
39269
39246
39227
39199
39194
39187
39184
39184
39168
39156
39132
39131
39125
39123
39113
39108
39098
39094
39087
39061
39051
39046
39037
39033
39026
39026
39025
39023
39022
39015
39014
39013
39008
39002
38987
38984
38977
38976
38976
38974
38974
38971
38967
38967
38955
38949
38944
38931
38923
38923
38922
38918
38906
38897
38884
38882
38878
38869
38860
38839
38824
38794
38786
38768
38764
38762
38758
38757
38754
38753
38749
38718
38694
38689
38688
38688
38669
38663
38662
38655
38642
38629
38615
38600
38591
38576
38563
38555
38555
38545
38543
38543
38542
38536
38533
38507
38486
38474
38439
38424
38423
38422
38410
38394
38393
38391
38389
38378
38370
38345
38343
38342
38307
38307
38303
38303
38292
38281
38264
38229
38200
38188
38181
38175
38167
38167
38165
38153
38132
38117
38109
38054
38028
38026
38015
38001
37990
37980
37977
37974
37961
37933
37933
37929
37925
37921
37912
37910
37896
37895
37891
37881
37864
37861
37828
37819
37816
37792
37776
37767
37763
37743
37743
37740
37738
37733
37717
37712
37707
37685
37682
37666
37650
37650
37645
37627
37623
37594
37593
37591
37578
37577
37573
37561
37554
37552
37533
37531
37525
37518
37513
37511
37486
37478
37465
37464
37461
37447
37438
37438
37432
37405
37402
37393
37392
37379
37379
37369
37367
37366
37362
37358
37350
37348
37342
37298
37293
37277
37267
37266
37264
37256
37251
37242
37234
37233
37232
37232
37230
37227
37203
37200
37193
37192
37185
37184
37168
37158
37156
37127
37119
37115
37113
37110
37108
37101
37100
37083
37075
37071
37069
37067
37067
37046
37041
37040
37039
36989
36981
36979
36974
36950
36949
36935
36933
36931
36931
36926
36916
36906
36905
36887
36884
36880
36870
36853
36848
36843
36836
36833
36811
36786
36785
36780
36766
36756
36717
36681
36673
36654
36636
36634
36634
36609
36607
36600
36594
36588
36583
36578
36568
36566
36552
36548
36546
36533
36507
36501
36490
36457
36452
36450
36439
36424
36409
36406
36398
36396
36381
36369
36356
36341
36332
36327
36324
36318
36317
36281
36281
36273
36269
36252
36250
36248
36240
36231
36219
36199
36178
36175
36154
36130
36130
36122
36113
36113
36095
36084
36074
36064
36061
36044
36040
36039
36019
36017
36016
36013
36002
36001
35999
35988
35977
35975
35925
35920
35904
35889
35877
35862
35832
35821
35803
35790
35777
35775
35754
35751
35746
35740
35723
35697
35693
35687
35684
35682
35678
35677
35677
35677
35672
35649
35631
35628
35590
35572
35559
35542
35540
35537
35525
35496
35491
35477
35464
35463
35458
35456
35450
35441
35437
35419
35404
35401
35377
35368
35351
35333
35328
35316
35311
35310
35307
35303
35286
35282
35270
35269
35263
35260
35242
35233
35233
35233
35230
35209
35201
35186
35178
35175
35151
35144
35098
35083
35077
35076
35069
35062
35059
35040
35039
35029
35018
35009
34943
34937
34927
34902
34846
34836
34817
34809
34798
34791
34790
34783
34779
34759
34758
34754
34750
34738
34726
34719
34717
34706
34705
34699
34691
34678
34673
34665
34658
34652
34600
34595
34593
34590
34586
34555
34532
34529
34528
34500
34489
34486
34485
34468
34468
34465
34426
34403
34401
34371
34365
34359
34340
34337
34327
34309
34296
34295
34267
34266
34243
34222
34209
34185
34164
34160
34138
34114
34109
34100
34094
34094
34090
34066
34060
34056
34039
34014
33986
33956
33934
33909
33905
33895
33864
33864
33861
33859
33832
33832
33826
33791
33771
33769
33763
33753
33744
33727
33722
33702
33702
33688
33673
33648
33639
33638
33637
33610
33599
33598
33598
33597
33592
33591
33575
33573
33561
33554
33552
33549
33539
33537
33531
33523
33504
33503
33501
33497
33492
33464
33461
33451
33443
33422
33417
33407
33406
33405
33402
33398
33396
33396
33385
33365
33364
33361
33355
33341
33336
33324
33314
33304
33290
33284
33279
33265
33260
33255
33254
33245
33239
33227
33211
33194
33193
33189
33168
33150
33140
33074
33074
33066
33062
33056
33027
33017
33012
33007
33002
33000
32991
32984
32982
32981
32947
32935
32908
32906
32879
32863
32860
32840
32830
32830
32821
32810
32807
32807
32804
32799
32795
32773
32767
32752
32745
32731
32720
32719
32714
32712
32707
32700
32696
32695
32694
32693
32674
32661
32660
32656
32652
32652
32647
32646
32645
32637
32632
32631
32630
32615
32612
32601
32594
32579
32577
32577
32576
32543
32534
32531
32530
32522
32495
32490
32481
32477
32468
32457
32453
32442
32415
32407
32392
32327
32313
32296
32290
32289
32284
32274
32274
32272
32261
32240
32229
32189
32176
32167
32139
32138
32137
32136
32127
32126
32035
32035
32032
32023
32020
32015
31992
31974
31967
31961
31948
31932
31920
31898
31890
31883
31881
31872
31864
31863
31858
31857
31853
31848
31843
31842
31796
31767
31759
31751
31730
31721
31694
31684
31679
31664
31652
31635
31633
31611
31607
31605
31604
31600
31583
31565
31546
31544
31528
31508
31495
31492
31490
31480
31475
31444
31422
31383
31383
31378
31375
31356
31338
31329
31326
31324
31311
31303
31297
31286
31283
31275
31266
31265
31257
31251
31245
31240
31238
31237
31228
31216
31171
31164
31145
31133
31126
31119
31119
31115
31115
31113
31100
31089
31079
31056
31044
31042
31040
31029
31025
31004
30995
30988
30985
30977
30969
30959
30958
30957
30956
30938
30930
30915
30908
30907
30905
30901
30893
30847
30837
30833
30829
30826
30810
30777
30775
30749
30740
30731
30714
30679
30676
30672
30666
30660
30660
30654
30651
30649
30630
30629
30628
30601
30599
30593
30589
30588
30585
30563
30551
30536
30521
30493
30493
30492
30492
30475
30474
30461
30424
30418
30404
30403
30393
30381
30378
30371
30371
30370
30363
30358
30354
30353
30352
30344
30339
30332
30315
30311
30310
30305
30305
30291
30288
30288
30285
30282
30279
30255
30233
30220
30189
30178
30174
30165
30118
30105
30095
30088
30088
30074
30070
30055
30041
30035
30027
30027
30019
30014
30012
30003
29994
29988
29975
29975
29970
29960
29952
29952
29946
29906
29900
29895
29894
29881
29874
29873
29868
29867
29859
29840
29839
29832
29828
29813
29774
29761
29735
29728
29727
29689
29689
29680
29674
29669
29661
29637
29623
29603
29597
29597
29595
29592
29565
29558
29540
29528
29513
29501
29498
29486
29464
29439
29401
29393
29332
29329
29328
29328
29318
29313
29274
29272
29269
29262
29250
29249
29237
29231
29226
29225
29223
29210
29186
29176
29174
29173
29141
29126
29114
29109
29107
29094
29094
29091
29083
29056
29053
29046
29043
29031
29029
29020
29015
29005
28996
28980
28963
28957
28957
28949
28922
28920
28917
28916
28904
28900
28879
28873
28869
28865
28861
28857
28848
28832
28826
28820
28813
28783
28762
28760
28760
28757
28757
28742
28736
28722
28700
28699
28696
28667
28661
28652
28644
28642
28630
28624
28618
28609
28607
28595
28592
28583
28580
28564
28564
28546
28525
28516
28512
28507
28504
28502
28483
28480
28479
28473
28468
28450
28440
28425
28425
28401
28394
28389
28387
28374
28372
28368
28348
28343
28324
28323
28323
28315
28307
28305
28277
28248
28247
28232
28225
28209
28208
28203
28162
28147
28136
28132
28131
28093
28093
28092
28085
28055
27994
27982
27977
27971
27969
27955
27954
27948
27942
27928
27927
27916
27905
27903
27899
27898
27890
27885
27871
27869
27862
27857
27827
27816
27798
27786
27776
27771
27759
27749
27749
27746
27738
27731
27730
27708
27695
27684
27682
27679
27651
27649
27634
27622
27618
27587
27585
27579
27562
27553
27541
27533
27524
27516
27506
27497
27492
27488
27488
27481
27477
27471
27463
27458
27453
27444
27435
27428
27410
27393
27370
27334
27334
27333
27328
27324
27243
27242
27239
27228
27205
27198
27188
27187
27185
27169
27164
27158
27153
27150
27147
27146
27146
27139
27136
27102
27097
27087
27061
27059
27044
27028
27020
27018
27017
27012
27006
26984
26979
26969
26958
26953
26940
26922
26900
26896
26883
26875
26870
26854
26844
26820
26797
26785
26757
26749
26731
26729
26712
26699
26690
26681
26680
26659
26652
26641
26623
26621
26615
26614
26608
26605
26588
26584
26571
26569
26565
26552
26550
26545
26519
26515
26515
26511
26499
26494
26490
26479
26473
26463
26461
26434
26433
26432
26405
26399
26380
26376
26374
26363
26362
26352
26340
26318
26300
26298
26283
26281
26262
26252
26251
26246
26240
26238
26231
26199
26191
26161
26158
26143
26142
26115
26110
26107
26100
26086
26083
26080
26065
26061
26050
26046
26041
26028
26014
26011
26005
25995
25979
25977
25976
25959
25922
25888
25883
25877
25861
25854
25825
25816
25806
25802
25802
25798
25792
25778
25753
25732
25723
25720
25704
25701
25700
25695
25692
25692
25651
25650
25649
25624
25614
25611
25599
25569
25551
25551
25545
25543
25501
25470
25461
25461
25458
25451
25450
25443
25439
25436
25431
25403
25402
25379
25369
25363
25357
25345
25332
25325
25316
25313
25306
25302
25300
25287
25258
25246
25241
25239
25234
25224
25189
25170
25154
25154
25151
25149
25143
25127
25127
25112
25109
25107
25080
25073
25056
25051
24999
24975
24965
24961
24959
24954
24895
24885
24867
24856
24855
24838
24836
24827
24822
24801
24796
24795
24786
24766
24748
24746
24740
24729
24729
24713
24712
24709
24702
24681
24677
24637
24594
24582
24561
24533
24528
24526
24512
24507
24503
24485
24469
24464
24460
24458
24457
24443
24424
24401
24400
24391
24383
24383
24380
24366
24365
24359
24357
24348
24343
24319
24306
24288
24287
24267
24259
24234
24206
24183
24170
24169
24165
24160
24157
24137
24095
24073
24046
24027
24007
23982
23961
23944
23926
23902
23884
23847
23832
23823
23816
23813
23809
23807
23786
23756
23746
23745
23744
23743
23737
23725
23712
23691
23687
23680
23676
23668
23656
23651
23630
23630
23629
23605
23602
23557
23549
23543
23534
23483
23472
23460
23414
23413
23408
23353
23342
23341
23339
23337
23330
23321
23267
23267
23256
23253
23213
23198
23186
23162
23158
23148
23133
23111
23101
23086
23074
23070
23068
23056
23041
23040
23034
23032
23030
23029
23024
23017
22989
22979
22966
22958
22950
22927
22923
22909
22905
22896
22888
22878
22868
22834
22831
22831
22812
22810
22782
22781
22777
22761
22761
22731
22726
22725
22691
22680
22675
22670
22661
22660
22627
22623
22619
22614
22581
22567
22560
22559
22559
22540
22527
22522
22502
22490
22487
22486
22482
22470
22469
22465
22443
22423
22418
22404
22401
22377
22363
22342
22339
22330
22325
22301
22293
22288
22261
22255
22251
22245
22237
22230
22222
22216
22214
22204
22184
22171
22129
22128
22126
22119
22112
22105
22080
22077
22069
22068
22055
22036
22023
22014
22009
22000
21995
21983
21983
21963
21962
21952
21907
21887
21864
21861
21853
21839
21831
21816
21792
21771
21768
21767
21766
21766
21766
21763
21754
21742
21715
21706
21684
21677
21676
21658
21652
21647
21633
21623
21608
21604
21603
21599
21599
21563
21555
21541
21537
21536
21510
21489
21468
21466
21461
21453
21446
21433
21421
21419
21417
21416
21409
21358
21349
21318
21297
21273
21264
21257
21257
21231
21221
21202
21201
21183
21179
21167
21165
21152
21150
21143
21113
21112
21099
21098
21097
21077
21071
21069
21068
21045
21044
21023
21004
20995
20995
20988
20988
20981
20973
20971
20957
20912
20912
20911
20908
20883
20880
20877
20875
20874
20873
20841
20835
20832
20828
20825
20815
20754
20744
20744
20743
20715
20708
20689
20687
20676
20663
20647
20646
20638
20632
20630
20630
20616
20611
20607
20602
20587
20576
20560
20550
20547
20541
20501
20475
20472
20472
20445
20430
20403
20389
20388
20388
20388
20383
20376
20360
20350
20347
20346
20340
20337
20324
20319
20291
20285
20268
20261
20259
20250
20249
20246
20201
20195
20187
20158
20157
20154
20151
20145
20139
20119
20118
20099
20093
20092
20082
20075
20065
20065
20061
20053
20042
20039
20036
20036
20029
20015
20008
19990
19972
19969
19966
19965
19951
19940
19925
19911
19911
19892
19882
19877
19869
19862
19857
19855
19830
19817
19787
19781
19775
19765
19756
19741
19740
19717
19711
19709
19679
19675
19672
19668
19645
19642
19619
19617
19607
19599
19587
19585
19563
19552
19552
19551
19542
19536
19535
19514
19497
19487
19479
19466
19433
19430
19424
19393
19390
19385
19382
19380
19373
19355
19321
19303
19297
19297
19291
19278
19277
19272
19270
19257
19252
19249
19212
19209
19207
19198
19190
19190
19187
19177
19170
19148
19135
19133
19124
19103
19090
19078
19063
19050
19045
19045
19037
19034
19005
18995
18989
18981
18981
18977
18975
18974
18968
18967
18965
18902
18899
18887
18857
18847
18847
18840
18839
18816
18815
18800
18798
18797
18795
18789
18778
18773
18764
18746
18745
18737
18735
18695
18686
18685
18683
18681
18679
18671
18643
18641
18600
18586
18586
18577
18567
18561
18558
18548
18543
18527
18503
18495
18489
18474
18471
18469
18463
18463
18460
18459
18451
18441
18430
18429
18424
18423
18416
18414
18413
18409
18401
18398
18344
18340
18337
18333
18332
18324
18323
18321
18307
18304
18293
18285
18283
18279
18270
18262
18254
18249
18246
18238
18222
18204
18161
18155
18138
18137
18128
18119
18105
18099
18074
18057
18040
18033
18024
18019
18018
18014
17994
17978
17973
17965
17959
17955
17944
17943
17917
17906
17902
17894
17892
17877
17873
17873
17865
17856
17854
17842
17840
17826
17817
17794
17793
17763
17759
17758
17757
17752
17745
17739
17738
17737
17694
17693
17690
17661
17660
17629
17628
17626
17626
17609
17594
17594
17576
17574
17543
17541
17539
17537
17525
17491
17476
17462
17449
17448
17440
17411
17406
17376
17375
17353
17334
17332
17314
17310
17304
17301
17295
17285
17277
17270
17266
17221
17207
17205
17164
17159
17155
17147
17139
17124
17107
17104
17086
17054
17052
17045
17040
17036
17025
16998
16996
16989
16974
16973
16972
16966
16930
16928
16927
16912
16902
16894
16894
16867
16861
16855
16804
16799
16797
16778
16776
16776
16755
16750
16735
16734
16717
16715
16705
16687
16687
16670
16658
16655
16642
16641
16640
16634
16631
16612
16611
16604
16603
16600
16595
16580
16578
16577
16576
16571
16570
16565
16547
16502
16495
16494
16490
16481
16477
16449
16445
16440
16436
16431
16426
16417
16402
16361
16359
16347
16339
16330
16329
16314
16313
16308
16269
16257
16250
16240
16238
16220
16190
16165
16163
16163
16162
16151
16146
16142
16137
16134
16133
16119
16115
16091
16082
16066
16048
16040
16029
16018
16006
16005
15999
15996
15994
15992
15991
15982
15969
15968
15958
15916
15896
15871
15848
15808
15798
15790
15790
15788
15783
15780
15775
15769
15768
15757
15751
15745
15725
15717
15709
15694
15688
15683
15679
15671
15670
15658
15634
15615
15601
15574
15572
15568
15565
15559
15559
15543
15536
15531
15496
15495
15493
15473
15470
15452
15443
15442
15427
15404
15394
15363
15362
15345
15318
15312
15305
15300
15296
15295
15292
15287
15283
15270
15263
15258
15256
15254
15241
15225
15222
15218
15217
15206
15194
15190
15189
15188
15169
15166
15146
15141
15117
15111
15107
15105
15101
15097
15084
15079
15078
15070
15068
15065
15050
15049
15046
15042
15031
15026
15016
15015
15004
14999
14970
14945
14913
14902
14897
14896
14881
14880
14873
14872
14870
14868
14843
14821
14804
14801
14797
14782
14760
14754
14746
14735
14723
14689
14679
14657
14654
14652
14637
14635
14624
14622
14612
14597
14586
14575
14558
14548
14547
14545
14514
14514
14512
14508
14507
14489
14480
14459
14456
14453
14444
14436
14414
14407
14403
14398
14396
14364
14362
14355
14350
14344
14343
14340
14321
14311
14294
14272
14271
14266
14259
14240
14231
14231
14225
14219
14209
14202
14194
14170
14169
14164
14161
14142
14118
14114
14112
14111
14099
14087
14078
14077
14075
14055
14046
14015
13993
13982
13982
13976
13968
13967
13963
13956
13948
13945
13925
13914
13911
13909
13907
13907
13902
13854
13844
13839
13825
13821
13807
13802
13794
13789
13785
13783
13766
13756
13751
13712
13705
13704
13701
13692
13689
13682
13663
13626
13617
13613
13608
13604
13585
13578
13570
13552
13543
13532
13522
13502
13491
13490
13456
13420
13410
13406
13404
13404
13381
13365
13364
13361
13351
13350
13346
13327
13309
13306
13301
13300
13300
13300
13297
13276
13271
13268
13265
13262
13258
13226
13215
13200
13196
13194
13185
13179
13179
13167
13164
13157
13151
13143
13118
13112
13103
13098
13091
13090
13089
13076
13068
13059
13037
13014
13008
13003
13000
12992
12984
12982
12982
12972
12970
12957
12950
12944
12942
12935
12914
12906
12903
12897
12886
12881
12878
12867
12854
12852
12837
12816
12815
12814
12798
12791
12778
12775
12764
12746
12742
12731
12730
12724
12713
12704
12702
12694
12690
12671
12670
12654
12646
12628
12625
12579
12546
12536
12515
12514
12506
12502
12501
12500
12486
12479
12475
12460
12430
12426
12424
12411
12403
12374
12371
12330
12321
12311
12311
12299
12276
12262
12247
12246
12214
12214
12189
12187
12187
12180
12157
12156
12145
12128
12128
12126
12119
12118
12111
12107
12106
12101
12092
12055
12048
12016
12012
11994
11982
11980
11960
11958
11933
11928
11917
11915
11909
11907
11906
11897
11895
11889
11876
11860
11848
11848
11842
11830
11827
11821
11809
11807
11805
11793
11782
11776
11758
11751
11742
11740
11738
11729
11728
11717
11717
11684
11682
11676
11650
11645
11630
11628
11622
11619
11616
11604
11585
11575
11575
11573
11569
11551
11546
11543
11539
11519
11502
11484
11484
11480
11467
11460
11443
11442
11441
11428
11421
11404
11402
11390
11389
11389
11379
11358
11355
11325
11314
11284
11263
11243
11239
11232
11221
11220
11203
11190
11158
11157
11152
11149
11148
11105
11068
11034
11022
11021
11021
11013
10992
10979
10979
10963
10949
10946
10946
10930
10916
10910
10899
10892
10878
10874
10872
10868
10850
10834
10819
10810
10804
10790
10783
10782
10747
10742
10740
10738
10735
10725
10721
10718
10710
10701
10682
10681
10654
10646
10644
10642
10638
10628
10602
10597
10574
10560
10531
10528
10526
10526
10516
10509
10509
10501
10490
10490
10474
10460
10443
10429
10425
10416
10406
10393
10385
10363
10345
10327
10313
10311
10300
10284
10277
10267
10257
10245
10226
10217
10207
10186
10179
10177
10156
10122
10112
10099
10093
10082
10080
10072
10065
10058
10051
10034
10029
10009
10007
9980
9969
9963
9946
9929
9926
9925
9925
9914
9882
9877
9858
9858
9848
9846
9839
9832
9832
9824
9814
9813
9812
9792
9789
9789
9767
9753
9741
9739
9716
9707
9703
9699
9696
9694
9693
9684
9677
9673
9665
9661
9657
9617
9606
9586
9569
9562
9547
9531
9530
9524
9521
9521
9511
9500
9488
9488
9484
9481
9451
9446
9422
9400
9391
9368
9364
9358
9350
9346
9336
9334
9334
9327
9324
9311
9299
9278
9268
9265
9261
9259
9245
9244
9239
9236
9228
9222
9221
9211
9210
9191
9169
9167
9149
9140
9135
9123
9119
9076
9074
9061
9055
9046
9033
9033
9023
9022
9014
8963
8962
8960
8945
8944
8937
8916
8896
8888
8876
8873
8865
8833
8830
8827
8826
8825
8823
8812
8811
8801
8799
8783
8782
8777
8765
8756
8750
8729
8725
8698
8696
8687
8680
8677
8674
8663
8652
8647
8643
8636
8629
8621
8615
8612
8612
8609
8582
8577
8576
8572
8564
8528
8525
8515
8498
8495
8494
8483
8471
8440
8437
8405
8399
8388
8376
8367
8361
8360
8353
8344
8330
8316
8308
8298
8290
8284
8283
8281
8280
8279
8273
8272
8268
8257
8245
8245
8232
8232
8223
8217
8214
8206
8200
8195
8193
8167
8156
8152
8142
8142
8141
8127
8124
8120
8109
8105
8100
8084
8082
8075
8070
8054
8045
8044
8040
8039
8031
8026
7999
7993
7992
7989
7980
7930
7920
7920
7905
7896
7896
7890
7888
7882
7881
7879
7869
7862
7856
7837
7835
7828
7817
7806
7782
7776
7767
7766
7739
7733
7729
7719
7716
7711
7705
7687
7676
7676
7654
7650
7635
7635
7634
7629
7616
7591
7583
7571
7571
7571
7560
7558
7558
7555
7553
7552
7549
7548
7544
7536
7531
7526
7526
7518
7488
7478
7451
7442
7422
7419
7414
7413
7407
7407
7405
7400
7399
7389
7362
7307
7304
7283
7254
7224
7208
7206
7165
7161
7160
7145
7139
7125
7123
7112
7107
7100
7097
7096
7090
7077
7066
7051
7034
7024
7019
7006
7006
6993
6993
6990
6980
6972
6969
6953
6945
6944
6943
6942
6936
6935
6928
6925
6919
6914
6902
6899
6883
6881
6874
6822
6820
6816
6808
6806
6773
6759
6719
6712
6702
6686
6685
6672
6660
6652
6647
6645
6644
6639
6607
6604
6590
6583
6570
6552
6546
6527
6518
6508
6479
6467
6462
6447
6442
6438
6434
6424
6411
6407
6405
6395
6395
6393
6392
6387
6326
6247
6231
6230
6199
6190
6184
6180
6156
6148
6140
6139
6108
6104
6060
6059
6056
6047
6036
6035
6026
6011
6009
5985
5972
5959
5948
5943
5934
5917
5888
5876
5870
5869
5856
5851
5848
5845
5831
5817
5807
5806
5795
5765
5756
5755
5750
5744
5724
5722
5720
5705
5704
5686
5668
5667
5656
5638
5627
5619
5602
5601
5563
5552
5544
5533
5531
5527
5523
5511
5506
5491
5483
5480
5475
5475
5472
5461
5454
5435
5431
5414
5400
5382
5382
5359
5358
5352
5345
5322
5292
5286
5273
5271
5262
5262
5261
5251
5248
5240
5240
5207
5164
5123
5116
5109
5109
5109
5090
5090
5085
5074
5072
5060
5055
5055
5023
5013
5003
5000
4998
4980
4964
4949
4947
4942
4903
4894
4894
4893
4891
4866
4853
4851
4837
4825
4802
4794
4792
4780
4772
4740
4656
4650
4647
4641
4614
4612
4603
4584
4580
4573
4563
4560
4554
4554
4549
4544
4537
4535
4508
4504
4471
4469
4464
4463
4460
4454
4454
4450
4431
4414
4413
4408
4403
4398
4396
4393
4389
4382
4374
4362
4358
4347
4325
4268
4265
4229
4227
4225
4211
4208
4201
4190
4187
4146
4135
4132
4127
4110
4103
4087
4079
4062
4059
4047
4043
4041
4041
4035
4026
4002
4001
3998
3994
3985
3984
3970
3960
3955
3954
3907
3884
3882
3839
3811
3793
3782
3761
3752
3736
3722
3722
3715
3700
3699
3681
3667
3665
3664
3662
3659
3651
3650
3644
3627
3611
3609
3589
3580
3563
3549
3546
3537
3527
3525
3509
3506
3502
3490
3482
3472
3457
3435
3431
3399
3398
3351
3342
3339
3336
3334
3327
3309
3306
3299
3285
3279
3276
3263
3253
3251
3248
3247
3238
3231
3222
3209
3203
3199
3190
3157
3146
3139
3110
3106
3051
3048
3045
3036
3036
3031
3021
3015
3013
3012
3009
2997
2995
2985
2983
2961
2960
2957
2946
2929
2923
2919
2911
2910
2910
2892
2889
2882
2866
2853
2848
2846
2840
2840
2832
2817
2808
2796
2783
2764
2745
2740
2738
2735
2732
2728
2727
2727
2709
2699
2696
2692
2691
2676
2650
2634
2633
2632
2619
2610
2605
2602
2596
2589
2570
2563
2539
2537
2518
2511
2508
2499
2491
2474
2462
2427
2411
2401
2397
2396
2388
2376
2371
2360
2338
2334
2319
2319
2309
2282
2280
2250
2221
2191
2182
2177
2172
2135
2134
2121
2103
2102
2089
2080
2079
2079
2051
2034
2029
2014
1971
1963
1960
1951
1950
1943
1915
1910
1899
1890
1880
1871
1865
1865
1854
1834
1824
1821
1817
1816
1814
1814
1804
1791
1780
1778
1778
1764
1749
1724
1700
1687
1675
1667
1661
1660
1630
1628
1617
1616
1608
1603
1601
1601
1593
1573
1567
1535
1522
1520
1516
1515
1514
1508
1500
1492
1462
1457
1456
1438
1402
1398
1397
1376
1364
1353
1348
1346
1311
1288
1281
1271
1265
1259
1257
1253
1251
1239
1230
1227
1203
1203
1186
1182
1138
1120
1104
1083
1043
1027
1021
1014
997
990
983
981
935
933
924
919
919
894
894
887
886
864
861
849
845
838
816
795
793
781
771
748
736
721
710
681
666
664
647
640
638
636
632
630
629
608
595
580
575
569
569
554
553
552
550
545
522
519
515
477
476
469
465
461
461
459
455
443
434
433
430
425
423
423
422
415
371
352
340
336
329
325
318
318
317
308
308
298
293
288
282
282
280
255
252
236
233
207
206
205
197
181
177
175
172
159
159
156
143
129
129
122
104
96
89
86
81
74
74
71
35
27
14
9
