7
33
34
48
51
61
66
74
87
97
100
121
154
176
179
190
221
228
241
252
272
272
295
300
301
311
315
322
355
363
364
367
368
371
379
390
394
402
406
424
428
455
500
501
509
513
578
589
592
610
612
615
622
640
665
676
691
696
698
709
738
747
767
787
793
801
806
807
812
828
843
851
851
852
860
864
864
873
876
898
904
904
911
918
920
929
946
957
958
986
996
1011
1016
1026
1050
1053
1071
1105
1107
1114
1116
1117
1124
1142
1145
1153
1164
1176
1199
1204
1205
1231
1240
1240
1266
1268
1290
1307
1310
1334
1349
1373
1389
1393
1393
1394
1397
1406
1410
1413
1447
1450
1458
1470
1484
1503
1504
1505
1506
1513
1516
1519
1521
1527
1527
1549
1562
1566
1568
1577
1584
1599
1614
1624
1633
1669
1674
1706
1708
1711
1714
1715
1717
1718
1722
1728
1729
1742
1752
1764
1766
1792
1792
1797
1806
1819
1823
1826
1831
1838
1847
1854
1856
1856
1876
1882
1894
1905
1907
1909
1911
1926
1939
1946
1969
1972
1999
2001
2014
2020
2036
2040
2044
2057
2059
2081
2122
2128
2136
2145
2159
2164
2171
2175
2177
2185
2195
2212
2216
2216
2217
2222
2231
2239
2248
2249
2250
2253
2256
2268
2276
2295
2304
2321
2323
2325
2337
2340
2355
2366
2372
2407
2419
2421
2425
2428
2461
2466
2472
2475
2487
2497
2500
2531
2547
2558
2579
2595
2632
2644
2652
2676
2679
2704
2740
2752
2776
2784
2786
2801
2803
2811
2812
2818
2822
2834
2839
2896
2904
2910
2916
2931
2944
2950
2966
2997
2997
3039
3050
3055
3056
3062
3087
3093
3096
3103
3111
3132
3144
3150
3152
3188
3195
3198
3201
3210
3214
3216
3244
3251
3261
3262
3268
3269
3271
3282
3291
3307
3325
3332
3347
3348
3349
3362
3389
3394
3404
3426
3438
3445
3467
3471
3473
3474
3492
3494
3528
3531
3544
3547
3554
3554
3558
3568
3586
3591
3611
3626
3629
3635
3638
3640
3641
3661
3696
3697
3702
3716
3716
3726
3728
3740
3744
3748
3751
3765
3772
3786
3799
3802
3809
3814
3833
3839
3895
3909
3911
3916
3925
3932
3941
3941
3961
3975
3976
4015
4017
4022
4032
4040
4050
4050
4057
4075
4080
4097
4097
4100
4126
4135
4138
4144
4145
4161
4167
4172
4173
4186
4199
4207
4218
4246
4257
4260
4278
4297
4297
4326
4335
4342
4343
4344
4362
4366
4371
4414
4432
4433
4437
4437
4464
4471
4490
4493
4493
4512
4538
4554
4565
4587
4640
4658
4663
4663
4683
4691
4714
4719
4722
4734
4754
4757
4778
4786
4802
4812
4821
4825
4826
4846
4872
4898
4898
4908
4911
4919
4928
4943
4943
4944
4970
4997
4999
5001
5011
5029
5029
5030
5037
5043
5065
5065
5075
5077
5081
5082
5094
5102
5111
5123
5124
5150
5152
5182
5185
5193
5199
5230
5257
5264
5266
5274
5287
5300
5311
5317
5326
5335
5358
5375
5377
5380
5397
5402
5424
5436
5437
5463
5481
5503
5505
5518
5532
5554
5588
5596
5637
5656
5659
5671
5688
5691
5706
5710
5711
5731
5732
5733
5749
5763
5768
5779
5780
5782
5802
5802
5809
5813
5814
5842
5857
5878
5885
5897
5911
5923
5924
5937
5959
5984
5997
6001
6004
6012
6035
6063
6098
6100
6101
6115
6127
6130
6138
6145
6147
6170
6173
6189
6192
6199
6216
6229
6244
6248
6268
6275
6279
6287
6288
6289
6298
6330
6332
6341
6347
6358
6366
6373
6389
6390
6393
6394
6416
6422
6445
6445
6458
6461
6464
6464
6495
6498
6500
6503
6507
6538
6541
6574
6580
6611
6620
6629
6651
6676
6687
6698
6698
6735
6754
6756
6764
6770
6775
6781
6795
6796
6805
6812
6826
6841
6845
6857
6857
6858
6877
6894
6896
6905
6907
6929
6934
6963
6979
6981
6991
6997
7021
7048
7063
7067
7094
7148
7160
7176
7185
7195
7211
7215
7228
7231
7249
7252
7266
7271
7272
7273
7280
7291
7342
7351
7357
7361
7362
7387
7400
7409
7410
7425
7461
7468
7479
7501
7503
7507
7508
7520
7536
7549
7551
7591
7596
7596
7598
7600
7601
7610
7641
7654
7656
7662
7665
7667
7673
7693
7698
7707
7707
7710
7723
7729
7734
7738
7743
7744
7749
7759
7777
7778
7778
7778
7786
7794
7803
7809
7833
7836
7839
7852
7858
7890
7890
7909
7916
7937
7955
7967
7970
7978
7984
8001
8003
8008
8021
8031
8053
8061
8069
8071
8072
8078
8080
8083
8105
8108
8115
8137
8156
8168
8172
8175
8187
8194
8196
8198
8214
8215
8233
8234
8253
8268
8271
8272
8321
8351
8363
8364
8367
8367
8372
8375
8377
8380
8390
8396
8404
8409
8409
8410
8411
8414
8417
8425
8427
8441
8444
8460
8466
8481
8481
8488
8488
8510
8514
8515
8524
8530
8535
8536
8537
8553
8580
8630
8648
8656
8666
8694
8704
8739
8773
8776
8778
8797
8821
8825
8828
8829
8831
8839
8855
8855
8855
8861
8865
8869
8881
8886
8890
8894
8894
8895
8914
8923
8954
8964
8980
8993
9000
9007
9007
9007
9038
9050
9087
9100
9105
9112
9119
9119
9120
9126
9128
9138
9139
9148
9155
9170
9170
9181
9213
9227
9231
9233
9234
9249
9252
9291
9307
9347
9366
9370
9376
9398
9408
9421
9458
9461
9463
9467
9482
9485
9486
9488
9497
9533
9557
9561
9567
9585
9590
9609
9611
9617
9618
9624
9627
9662
9678
9681
9687
9688
9689
9692
9692
9693
9696
9698
9713
9714
9720
9725
9727
9729
9731
9734
9743
9754
9757
9760
9761
9763
9772
9798
9805
9808
9818
9821
9829
9839
9841
9842
9854
9860
9868
9872
9888
9892
9912
9912
9915
9917
9919
9928
9947
9950
9954
9959
9960
9961
9964
9982
9982
9983
9994
9998
10003
10015
10040
10044
10056
10059
10094
10105
10107
10121
10127
10148
10150
10158
10162
10168
10207
10209
10227
10252
10267
10271
10272
10276
10287
10294
10306
10307
10310
10325
10337
10337
10337
10341
10346
10347
10361
10362
10366
10377
10379
10400
10403
10408
10415
10422
10423
10424
10443
10444
10459
10459
10484
10490
10511
10517
10558
10565
10572
10584
10586
10589
10594
10600
10602
10618
10637
10645
10648
10654
10688
10720
10727
10728
10748
10769
10773
10778
10786
10787
10803
10810
10815
10818
10823
10856
10860
10868
10874
10880
10885
10885
10911
10944
10963
10970
10974
10976
10977
10980
10981
10987
10994
10998
11000
11003
11004
11006
11023
11027
11035
11047
11049
11067
11067
11067
11079
11087
11090
11095
11110
11113
11117
11119
11126
11146
11147
11171
11176
11195
11195
11214
11229
11231
11245
11283
11283
11290
11306
11309
11314
11315
11337
11341
11348
11384
11385
11394
11397
11405
11414
11418
11438
11442
11459
11461
11471
11474
11484
11514
11519
11523
11535
11555
11590
11591
11608
11617
11626
11641
11646
11650
11669
11682
11704
11712
11722
11722
11731
11732
11733
11760
11801
11820
11826
11845
11854
11947
11952
11958
11990
12029
12048
12059
12073
12122
12126
12133
12150
12160
12164
12197
12198
12214
12220
12223
12228
12238
12244
12249
12263
12263
12271
12285
12286
12287
12293
12302
12304
12314
12316
12317
12320
12353
12354
12354
12381
12410
12413
12413
12414
12448
12464
12466
12489
12497
12521
12542
12552
12559
12570
12576
12583
12606
12615
12617
12628
12642
12676
12678
12687
12692
12714
12716
12719
12720
12721
12726
12754
12754
12766
12776
12785
12789
12795
12799
12813
12814
12815
12822
12839
12840
12855
12880
12883
12890
12922
12926
12933
12936
12949
12962
12965
12966
12978
12980
12997
12999
13000
13002
13013
13032
13040
13044
13047
13047
13074
13093
13096
13104
13124
13127
13129
13159
13173
13181
13188
13201
13211
13243
13257
13260
13265
13297
13309
13315
13315
13319
13326
13333
13358
13362
13364
13389
13393
13393
13399
13401
13420
13420
13442
13485
13496
13500
13504
13516
13518
13519
13525
13529
13535
13544
13554
13583
13586
13598
13598
13603
13615
13641
13645
13650
13678
13680
13687
13690
13695
13696
13716
13724
13734
13734
13762
13780
13813
13825
13831
13840
13845
13851
13853
13857
13866
13885
13886
13891
13891
13891
13898
13925
13925
13926
13928
13933
13945
13956
13983
13989
14002
14009
14022
14030
14037
14049
14056
14063
14072
14077
14078
14083
14085
14093
14100
14112
14112
14115
14133
14144
14148
14160
14162
14167
14201
14209
14217
14218
14220
14237
14241
14246
14260
14264
14270
14282
14284
14288
14289
14291
14295
14305
14333
14343
14351
14370
14383
14388
14393
14398
14416
14418
14426
14430
14451
14454
14457
14471
14480
14487
14490
14497
14510
14516
14530
14553
14577
14578
14586
14590
14604
14610
14617
14618
14626
14639
14640
14651
14656
14662
14668
14668
14680
14693
14696
14699
14706
14721
14734
14740
14756
14758
14763
14796
14800
14810
14819
14824
14833
14861
14863
14865
14876
14878
14902
14911
14917
14936
14950
14965
15014
15016
15026
15043
15106
15114
15136
15138
15148
15214
15229
15239
15253
15259
15262
15265
15282
15330
15339
15339
15351
15358
15363
15370
15372
15374
15377
15378
15389
15393
15417
15460
15464
15466
15504
15518
15522
15528
15544
15575
15589
15609
15622
15639
15654
15669
15680
15686
15686
15689
15696
15715
15724
15725
15731
15738
15745
15749
15769
15795
15832
15840
15846
15855
15870
15872
15888
15895
15896
15906
15907
15918
15928
15929
15936
15936
15970
15971
15980
15996
16043
16055
16057
16065
16075
16076
16081
16089
16102
16116
16124
16140
16145
16147
16163
16168
16168
16178
16180
16192
16193
16194
16218
16230
16242
16247
16254
16260
16269
16277
16287
16290
16318
16335
16340
16343
16349
16350
16362
16367
16371
16376
16386
16405
16413
16414
16435
16442
16478
16480
16491
16502
16503
16505
16505
16507
16513
16526
16535
16544
16553
16559
16565
16573
16584
16592
16600
16614
16616
16629
16630
16635
16640
16643
16647
16671
16674
16675
16712
16718
16724
16743
16744
16753
16756
16770
16771
16772
16801
16803
16841
16845
16856
16893
16893
16901
16912
16922
16931
16932
16934
16944
16945
16953
16988
17004
17023
17040
17041
17043
17045
17051
17056
17067
17071
17076
17088
17096
17097
17100
17110
17117
17130
17136
17207
17211
17216
17235
17249
17251
17264
17268
17269
17280
17283
17289
17298
17299
17306
17321
17326
17348
17355
17357
17363
17376
17402
17404
17405
17407
17412
17429
17440
17459
17466
17466
17470
17475
17478
17482
17508
17514
17523
17542
17546
17566
17569
17582
17592
17628
17641
17648
17653
17682
17691
17719
17730
17741
17781
17793
17805
17813
17816
17822
17853
17868
17885
17885
17899
17909
17910
17913
17914
17918
17923
17938
17952
17969
17973
17980
17993
17999
18004
18005
18010
18025
18029
18076
18086
18089
18099
18105
18129
18131
18146
18167
18169
18170
18179
18213
18227
18237
18242
18245
18250
18262
18271
18280
18301
18304
18309
18320
18328
18333
18349
18357
18357
18358
18374
18380
18385
18385
18386
18410
18415
18433
18445
18446
18496
18502
18513
18534
18570
18571
18578
18589
18590
18605
18607
18612
18635
18636
18639
18641
18646
18660
18661
18670
18673
18684
18685
18703
18714
18721
18732
18747
18752
18753
18759
18765
18776
18777
18782
18817
18820
18823
18851
18885
18886
18910
18912
18929
18955
18960
18965
18988
19011
19020
19043
19044
19051
19071
19076
19087
19101
19109
19130
19140
19140
19144
19154
19158
19160
19181
19193
19197
19199
19204
19231
19239
19246
19250
19255
19255
19274
19278
19288
19292
19299
19308
19311
19317
19321
19338
19345
19373
19378
19389
19431
19440
19465
19468
19468
19471
19478
19482
19492
19495
19527
19528
19544
19548
19558
19571
19594
19597
19623
19631
19637
19650
19652
19655
19667
19672
19672
19677
19679
19684
19697
19699
19700
19703
19714
19717
19728
19740
19742
19750
19756
19784
19787
19792
19820
19830
19840
19842
19844
19852
19859
19879
19882
19885
19910
19929
19931
19951
19979
19981
19985
19988
19996
20000
20001
20019
20037
20047
20053
20054
20058
20065
20077
20080
20091
20096
20111
20125
20158
20182
20194
20196
20202
20208
20211
20227
20235
20238
20249
20251
20261
20281
20317
20323
20324
20334
20336
20344
20352
20359
20369
20383
20385
20405
20407
20408
20409
20452
20456
20470
20474
20482
20484
20505
20507
20523
20526
20531
20532
20533
20534
20544
20550
20604
20613
20616
20623
20628
20656
20690
20691
20700
20701
20704
20719
20729
20733
20748
20753
20758
20760
20765
20769
20770
20794
20796
20802
20808
20818
20822
20827
20840
20850
20860
20860
20865
20866
20876
20886
20887
20900
20903
20908
20924
20933
20935
20940
20952
20954
20957
20963
20976
20976
20996
21014
21040
21059
21094
21100
21120
21124
21126
21136
21191
21192
21200
21203
21211
21215
21221
21237
21246
21249
21249
21286
21288
21291
21314
21326
21328
21346
21347
21366
21371
21378
21378
21384
21410
21410
21412
21420
21444
21457
21474
21478
21487
21494
21496
21515
21529
21533
21545
21551
21556
21579
21595
21608
21621
21633
21635
21641
21688
21688
21709
21712
21713
21716
21759
21767
21809
21813
21814
21815
21832
21832
21842
21851
21863
21891
21894
21927
21942
21943
21949
21951
21965
22003
22030
22031
22032
22044
22052
22067
22098
22102
22129
22131
22131
22153
22182
22182
22184
22211
22213
22242
22248
22253
22261
22261
22270
22273
22287
22295
22297
22302
22307
22318
22319
22332
22385
22396
22418
22432
22433
22449
22479
22494
22498
22500
22546
22549
22572
22575
22593
22621
22622
22631
22634
22646
22666
22669
22679
22695
22698
22725
22730
22750
22761
22762
22772
22785
22787
22797
22807
22809
22820
22821
22822
22840
22875
22901
22926
22967
22971
22992
22996
23001
23003
23008
23012
23014
23017
23021
23027
23034
23044
23054
23055
23062
23065
23070
23076
23079
23082
23086
23093
23099
23099
23106
23116
23123
23124
23125
23146
23164
23191
23192
23194
23196
23198
23208
23209
23212
23218
23219
23220
23227
23228
23229
23241
23244
23250
23251
23254
23261
23268
23286
23294
23301
23302
23315
23323
23346
23346
23365
23383
23385
23388
23415
23417
23448
23457
23459
23480
23485
23485
23487
23504
23542
23543
23546
23590
23593
23600
23602
23607
23607
23619
23633
23634
23642
23655
23672
23681
23684
23715
23717
23717
23720
23754
23759
23771
23821
23834
23842
23849
23851
23858
23869
23871
23875
23877
23881
23882
23883
23886
23887
23889
23890
23905
23907
23923
23932
23942
23964
23993
23995
23996
24008
24013
24023
24030
24037
24037
24070
24091
24097
24097
24098
24100
24103
24105
24111
24137
24138
24149
24165
24171
24180
24184
24187
24189
24191
24205
24232
24277
24282
24289
24290
24296
24304
24305
24320
24331
24334
24347
24353
24360
24364
24367
24369
24372
24374
24393
24404
24407
24413
24414
24418
24421
24422
24424
24445
24464
24482
24498
24506
24521
24523
24527
24530
24530
24532
24534
24535
24537
24541
24556
24560
24565
24576
24577
24595
24615
24650
24655
24658
24660
24672
24672
24673
24678
24682
24683
24693
24695
24713
24730
24735
24736
24749
24764
24766
24782
24789
24792
24812
24832
24838
24839
24856
24876
24883
24886
24893
24902
24908
24919
24937
24944
24953
24955
24967
24967
24984
24998
25009
25031
25031
25032
25035
25037
25048
25063
25070
25073
25075
25075
25077
25083
25097
25102
25110
25111
25118
25122
25125
25139
25155
25176
25196
25197
25207
25213
25214
25246
25247
25253
25257
25268
25269
25289
25289
25308
25309
25312
25335
25344
25345
25351
25351
25364
25376
25378
25396
25396
25398
25401
25409
25412
25413
25413
25428
25446
25447
25493
25505
25511
25515
25517
25524
25568
25576
25580
25581
25600
25609
25644
25668
25681
25681
25685
25691
25696
25697
25726
25734
25770
25779
25779
25797
25802
25803
25804
25810
25818
25820
25844
25849
25857
25859
25868
25890
25897
25899
25904
25919
25926
25928
25931
25937
25939
25941
25948
25956
25963
25968
25970
25975
25996
26008
26019
26027
26035
26045
26061
26065
26068
26086
26090
26103
26110
26144
26147
26155
26176
26188
26191
26225
26236
26237
26259
26260
26260
26264
26295
26296
26317
26324
26344
26345
26358
26361
26364
26371
26374
26375
26391
26391
26395
26400
26402
26405
26416
26424
26442
26444
26453
26456
26456
26471
26486
26491
26492
26508
26515
26526
26527
26540
26554
26555
26558
26574
26583
26611
26615
26616
26617
26646
26662
26668
26685
26709
26710
26719
26724
26734
26744
26752
26774
26780
26789
26797
26821
26833
26837
26837
26841
26861
26865
26874
26878
26889
26899
26905
26905
26911
26942
26945
26956
26959
26964
26975
26986
27006
27011
27033
27076
27083
27113
27134
27139
27148
27153
27162
27169
27173
27216
27239
27252
27257
27258
27259
27261
27264
27268
27273
27301
27311
27322
27349
27355
27359
27391
27403
27404
27405
27406
27408
27417
27423
27425
27430
27440
27456
27457
27458
27463
27474
27489
27495
27502
27505
27510
27520
27525
27541
27546
27553
27573
27603
27613
27623
27630
27634
27661
27673
27677
27684
27687
27702
27707
27712
27732
27736
27762
27772
27785
27787
27792
27795
27801
27804
27805
27814
27823
27830
27834
27837
27840
27842
27848
27852
27870
27889
27891
27901
27902
27908
27919
27923
27925
27946
27979
27982
28005
28013
28016
28071
28072
28073
28085
28109
28113
28118
28134
28158
28160
28164
28165
28176
28185
28187
28203
28208
28211
28212
28228
28228
28230
28237
28243
28244
28250
28257
28275
28279
28285
28292
28297
28299
28306
28321
28323
28325
28332
28347
28348
28354
28364
28368
28379
28395
28398
28401
28406
28423
28429
28430
28432
28444
28502
28514
28530
28538
28541
28556
28556
28578
28581
28581
28582
28609
28610
28613
28621
28638
28639
28650
28656
28673
28676
28688
28695
28700
28720
28751
28768
28771
28795
28795
28798
28800
28821
28825
28831
28840
28860
28867
28871
28892
28910
28911
28926
28928
28930
28950
28958
28967
28985
28989
28991
29016
29021
29022
29022
29052
29053
29055
29061
29064
29104
29116
29119
29133
29154
29165
29177
29186
29187
29190
29191
29192
29218
29223
29233
29249
29264
29271
29275
29293
29300
29305
29323
29344
29354
29360
29361
29370
29379
29383
29409
29409
29427
29436
29444
29454
29464
29465
29467
29474
29482
29487
29489
29520
29520
29532
29534
29537
29545
29547
29563
29564
29570
29591
29610
29616
29630
29655
29663
29673
29674
29676
29679
29700
29705
29705
29706
29707
29717
29726
29750
29764
29829
29830
29832
29840
29847
29847
29847
29865
29865
29878
29880
29896
29898
29902
29906
29907
29916
29919
29927
29944
29954
29981
29986
29997
29999
30005
30007
30020
30020
30037
30053
30064
30088
30095
30112
30131
30137
30155
30165
30188
30193
30194
30205
30207
30209
30215
30240
30242
30246
30247
30254
30290
30293
30294
30303
30309
30317
30321
30326
30328
30344
30349
30356
30373
30385
30389
30397
30404
30405
30412
30441
30444
30457
30474
30491
30494
30499
30503
30507
30507
30515
30518
30526
30567
30568
30572
30589
30596
30604
30613
30622
30622
30630
30630
30632
30650
30657
30677
30704
30711
30720
30721
30731
30736
30739
30744
30755
30757
30765
30777
30804
30810
30813
30814
30824
30825
30850
30851
30852
30860
30867
30870
30872
30879
30883
30885
30885
30898
30903
30908
30918
30934
30949
30954
30956
30969
30971
30971
30982
30983
30983
30990
30994
30997
31005
31048
31058
31063
31067
31072
31077
31094
31095
31110
31121
31133
31134
31144
31151
31157
31164
31169
31182
31191
31192
31197
31205
31206
31219
31220
31221
31243
31250
31270
31280
31294
31332
31336
31347
31356
31382
31386
31386
31403
31412
31417
31418
31425
31431
31449
31455
31459
31465
31475
31478
31492
31492
31494
31497
31505
31521
31522
31528
31532
31553
31554
31573
31578
31580
31580
31612
31621
31625
31632
31644
31671
31676
31677
31721
31724
31736
31745
31749
31751
31766
31776
31781
31787
31791
31795
31796
31807
31807
31813
31826
31832
31838
31840
31885
31893
31897
31897
31913
31916
31933
31934
31946
31959
31959
32003
32020
32022
32044
32068
32072
32123
32124
32133
32140
32145
32160
32174
32185
32202
32210
32217
32221
32246
32247
32276
32282
32313
32320
32327
32328
32329
32330
32331
32340
32342
32345
32401
32403
32423
32427
32431
32441
32445
32447
32465
32485
32505
32507
32520
32521
32533
32543
32562
32567
32592
32612
32612
32616
32632
32640
32646
32651
32651
32671
32674
32683
32694
32704
32705
32707
32709
32722
32747
32772
32788
32793
32799
32816
32822
32864
32882
32886
32892
32945
32952
32953
32957
32959
32959
32965
32983
32984
32997
32997
33001
33008
33027
33043
33049
33077
33085
33085
33088
33092
33111
33122
33122
33141
33156
33158
33167
33178
33178
33182
33199
33203
33208
33220
33231
33253
33280
33281
33286
33299
33313
33318
33336
33351
33404
33430
33435
33455
33458
33462
33472
33479
33484
33507
33511
33515
33515
33521
33530
33530
33539
33563
33570
33608
33614
33625
33638
33665
33673
33674
33679
33680
33680
33683
33689
33699
33700
33745
33761
33764
33767
33771
33775
33781
33806
33820
33840
33844
33849
33850
33883
33899
33901
33932
33944
33947
33949
33951
33953
33959
33974
34014
34023
34027
34051
34059
34065
34099
34118
34133
34146
34154
34156
34181
34193
34202
34202
34205
34216
34217
34228
34229
34236
34248
34254
34255
34257
34260
34271
34316
34323
34337
34341
34364
34374
34383
34391
34400
34410
34430
34430
34433
34451
34459
34461
34471
34472
34504
34507
34520
34524
34531
34537
34547
34557
34576
34576
34590
34596
34597
34620
34630
34675
34690
34692
34710
34714
34726
34733
34741
34762
34771
34786
34807
34812
34821
34830
34834
34834
34847
34878
34881
34955
34957
34957
34964
34974
34986
34992
34994
35000
35005
35011
35027
35028
35035
35036
35037
35059
35068
35090
35112
35114
35136
35142
35206
35244
35245
35249
35280
35289
35290
35296
35313
35325
35326
35327
35331
35334
35356
35375
35391
35395
35414
35417
35418
35419
35423
35425
35429
35433
35451
35455
35457
35489
35498
35510
35537
35540
35544
35549
35578
35604
35613
35620
35622
35657
35659
35662
35664
35666
35673
35679
35682
35694
35697
35701
35713
35722
35736
35745
35745
35746
35764
35767
35773
35775
35777
35777
35779
35781
35783
35785
35789
35791
35809
35814
35836
35837
35870
35872
35887
35903
35907
35911
35917
35930
35931
35938
35989
36000
36016
36040
36043
36111
36116
36119
36128
36139
36175
36201
36246
36249
36271
36275
36283
36289
36301
36310
36317
36319
36319
36330
36341
36342
36344
36346
36364
36407
36422
36430
36433
36455
36461
36473
36480
36492
36498
36509
36512
36532
36553
36554
36571
36582
36587
36588
36593
36621
36626
36633
36637
36648
36651
36672
36692
36699
36706
36720
36734
36734
36741
36746
36751
36767
36771
36773
36775
36781
36784
36787
36799
36804
36805
36832
36836
36839
36869
36872
36880
36886
36898
36904
36909
36917
36918
36928
36934
36939
36942
36946
36948
36961
36965
36965
36997
37007
37008
37009
37016
37023
37024
37054
37059
37059
37077
37086
37088
37094
37113
37115
37141
37157
37168
37170
37183
37185
37195
37238
37246
37250
37251
37289
37289
37321
37326
37329
37349
37386
37390
37392
37402
37410
37418
37418
37419
37422
37428
37433
37433
37434
37443
37458
37474
37479
37484
37487
37520
37521
37532
37543
37550
37584
37597
37598
37602
37605
37621
37629
37644
37669
37690
37696
37733
37736
37738
37746
37748
37748
37774
37785
37788
37788
37824
37840
37845
37868
37869
37889
37913
37922
37924
37925
37941
37946
37995
37996
37998
38030
38031
38035
38052
38062
38073
38111
38118
38123
38156
38158
38160
38168
38183
38192
38209
38210
38216
38217
38240
38259
38267
38276
38300
38301
38305
38319
38350
38390
38393
38394
38403
38406
38417
38424
38441
38443
38449
38462
38468
38474
38484
38501
38506
38515
38528
38541
38541
38555
38555
38566
38583
38592
38607
38641
38674
38674
38678
38681
38689
38704
38713
38723
38753
38763
38767
38768
38778
38782
38792
38794
38804
38817
38824
38839
38853
38858
38873
38881
38884
38887
38891
38899
38902
38917
38922
38923
38933
38942
38945
38955
38956
38984
38996
39001
39012
39015
39026
39027
39035
39044
39069
39071
39083
39086
39100
39108
39110
39112
39119
39146
39160
39165
39171
39197
39228
39233
39239
39283
39288
39288
39304
39307
39324
39327
39337
39351
39353
39391
39396
39404
39420
39432
39462
39465
39474
39480
39481
39491
39500
39531
39532
39542
39543
39554
39558
39562
39575
39588
39606
39607
39612
39616
39628
39630
39637
39646
39666
39670
39679
39695
39698
39727
39730
39732
39739
39751
39753
39758
39761
39764
39769
39770
39770
39772
39773
39776
39788
39790
39791
39792
39797
39802
39808
39810
39822
39824
39840
39849
39851
39888
39914
39919
39932
39938
39942
39989
39998
40008
40009
40010
40030
40041
40051
40057
40069
40101
40104
40106
40127
40132
40135
40138
40143
40144
40162
40172
40187
40198
40229
40234
40246
40247
40256
40256
40256
40264
40280
40300
40314
40342
40350
40352
40353
40359
40361
40372
40373
40375
40397
40402
40414
40414
40431
40434
40436
40449
40456
40489
40515
40521
40550
40550
40552
40569
40581
40592
40594
40619
40621
40633
40640
40643
40647
40690
40719
40731
40746
40785
40791
40801
40816
40838
40839
40844
40863
40864
40868
40870
40874
40877
40953
40957
40959
40959
40961
40966
40973
40978
40983
40988
40990
40996
41003
41004
41008
41017
41018
41021
41028
41032
41032
41042
41054
41071
41103
41104
41114
41116
41132
41133
41133
41139
41142
41150
41152
41158
41168
41171
41174
41181
41194
41201
41203
41221
41223
41237
41239
41275
41328
41331
41342
41367
41369
41376
41460
41473
41526
41531
41534
41541
41547
41552
41552
41553
41566
41572
41590
41601
41615
41628
41651
41664
41684
41684
41688
41701
41727
41729
41729
41742
41745
41748
41761
41763
41773
41789
41817
41821
41823
41827
41844
41862
41868
41870
41888
41909
41925
41927
41934
41947
41951
41964
41965
41970
41991
41992
42001
42003
42014
42048
42056
42061
42067
42069
42091
42120
42132
42148
42157
42159
42178
42179
42195
42202
42210
42214
42226
42235
42251
42251
42252
42255
42260
42262
42271
42302
42304
42310
42311
42323
42342
42343
42344
42352
42357
42369
42370
42379
42401
42409
42412
42413
42430
42450
42454
42466
42471
42485
42495
42508
42530
42542
42558
42582
42611
42614
42616
42627
42662
42676
42677
42679
42682
42685
42693
42696
42703
42715
42732
42738
42745
42749
42753
42783
42785
42789
42806
42817
42825
42832
42836
42864
42871
42873
42903
42908
42914
42915
42930
42931
42945
42957
42979
42980
42988
42994
43012
43015
43024
43024
43026
43030
43033
43033
43036
43056
43061
43088
43097
43123
43143
43144
43158
43159
43163
43164
43175
43187
43192
43203
43209
43220
43226
43234
43271
43281
43284
43294
43325
43329
43345
43347
43348
43352
43356
43361
43365
43437
43446
43449
43488
43522
43535
43541
43546
43571
43571
43572
43580
43586
43601
43611
43620
43621
43625
43628
43679
43690
43729
43731
43731
43745
43767
43781
43785
43788
43789
43802
43805
43825
43826
43837
43840
43848
43868
43888
43898
43900
43909
43918
43920
43921
43947
43962
43965
43971
43989
43990
43996
44025
44090
44095
44133
44139
44142
44158
44176
44179
44183
44194
44204
44211
44233
44238
44244
44254
44255
44266
44274
44306
44308
44320
44338
44340
44349
44355
44361
44361
44366
44381
44398
44406
44406
44415
44420
44434
44437
44443
44445
44458
44496
44503
44515
44516
44525
44545
44546
44548
44564
44565
44583
44615
44620
44622
44628
44635
44644
44648
44701
44709
44712
44720
44735
44742
44745
44761
44787
44789
44790
44806
44811
44831
44853
44853
44854
44872
44874
44916
44947
44959
44964
44986
45000
45002
45049
45050
45067
45087
45096
45107
45117
45121
45143
45143
45147
45166
45166
45170
45171
45187
45188
45192
45193
45209
45210
45222
45245
45248
45249
45255
45256
45270
45277
45281
45289
45291
45302
45303
45333
45342
45345
45349
45392
45394
45400
45405
45461
45497
45509
45541
45544
45565
45596
45602
45623
45624
45627
45629
45632
45648
45662
45666
45672
45675
45688
45688
45696
45712
45714
45738
45740
45744
45754
45780
45792
45805
45818
45826
45835
45846
45873
45876
45886
45893
45895
45903
45919
45931
45943
45953
45974
45980
45986
45987
45995
45996
45999
46014
46016
46020
46028
46029
46031
46039
46055
46064
46076
46097
46098
46108
46124
46143
46155
46170
46172
46179
46233
46240
46272
46276
46286
46299
46300
46302
46305
46308
46309
46317
46319
46337
46359
46360
46364
46381
46389
46394
46398
46457
46477
46496
46505
46527
46559
46568
46582
46607
46614
46640
46642
46650
46663
46666
46680
46682
46684
46691
46705
46716
46716
46718
46719
46735
46749
46752
46759
46778
46787
46790
46797
46807
46834
46846
46854
46854
46863
46865
46874
46880
46908
46910
46913
46914
46931
46952
47015
47016
47017
47061
47107
47120
47134
47156
47158
47167
47194
47194
47201
47202
47206
47211
47232
47250
47253
47275
47295
47300
47306
47318
47331
47337
47394
47415
47433
47440
47441
47456
47461
47482
47509
47523
47528
47531
47531
47533
47537
47539
47551
47581
47586
47616
47620
47621
47639
47639
47649
47671
47675
47676
47685
47693
47705
47714
47721
47728
47741
47770
47772
47781
47806
47809
47813
47824
47825
47834
47834
47850
47863
47864
47866
47868
47873
47887
47898
47908
47930
47938
47962
47971
47984
47995
48013
48024
48036
48041
48049
48050
48053
48058
48061
48062
48066
48079
48087
48096
48132
48139
48154
48165
48174
48186
48193
48195
48203
48221
48267
48291
48303
48307
48315
48315
48349
48408
48412
48440
48444
48466
48478
48501
48512
48517
48518
48524
48529
48544
48559
48572
48574
48576
48581
48602
48607
48614
48620
48634
48638
48640
48657
48668
48678
48687
48689
48701
48706
48713
48723
48725
48732
48758
48777
48780
48787
48801
48803
48806
48807
48823
48850
48854
48872
48878
48882
48892
48897
48924
48939
48939
48945
48950
48972
48980
48983
48989
49011
49023
49024
49036
49052
49052
49062
49064
49070
49079
49080
49080
49101
49114
49134
49141
49156
49167
49183
49184
49187
49193
49202
49234
49235
49236
49247
49260
49282
49295
49297
49306
49311
49318
49340
49340
49366
49367
49369
49372
49374
49393
49401
49411
49414
49418
49419
49424
49452
49465
49467
49476
49486
49490
49501
49510
49528
49531
49544
49546
49549
49554
49559
49565
49585
49632
49644
49645
49674
49690
49698
49706
49718
49719
49719
49721
49724
49724
49731
49745
49765
49778
49781
49787
49798
49803
49822
49827
49830
49832
49852
49859
49862
49862
49863
49889
49906
49913
49914
49920
49930
49937
49946
49955
49959
49963
49995
49999
50000
50001
50013
50018
50023
50026
50034
50063
50080
50083
50086
50087
50119
50121
50152
50156
50165
50168
50172
50173
50183
50188
50190
50203
50222
50243
50267
50271
50274
50305
50305
50313
50331
50337
50338
50374
50398
50401
50405
50411
50426
50431
50444
50464
50492
50524
50527
50558
50565
50567
50575
50584
50584
50592
50609
50618
50621
50626
50635
50637
50658
50662
50663
50672
50673
50680
50699
50713
50717
50718
50734
50738
50751
50757
50763
50766
50777
50779
50779
50782
50786
50795
50822
50840
50842
50868
50868
50869
50871
50876
50878
50894
50897
50910
50917
50927
50934
50970
50971
50993
51014
51016
51022
51025
51034
51040
51045
51071
51071
51086
51089
51102
51102
51111
51121
51134
51140
51141
51141
51143
51144
51154
51158
51173
51176
51193
51204
51214
51217
51224
51225
51230
51233
51245
51254
51295
51298
51300
51307
51307
51316
51317
51318
51319
51321
51323
51326
51327
51329
51330
51345
51350
51354
51381
51394
51404
51425
51428
51454
51456
51470
51471
51475
51487
51489
51504
51505
51523
51525
51525
51534
51540
51561
51573
51608
51644
51653
51662
51668
51670
51674
51676
51686
51689
51713
51715
51716
51716
51722
51738
51756
51759
51768
51783
51800
51805
51820
51826
51826
51829
51832
51836
51849
51866
51867
51867
51869
51873
51892
51898
51904
51930
51937
51940
51945
51967
51968
51984
51990
51998
52002
52006
52026
52047
52054
52058
52076
52087
52090
52092
52102
52105
52108
52108
52120
52125
52130
52168
52174
52176
52189
52202
52204
52205
52206
52216
52217
52218
52221
52227
52234
52249
52250
52254
52265
52271
52283
52301
52306
52314
52323
52331
52335
52337
52340
52349
52358
52358
52368
52387
52389
52393
52395
52397
52399
52416
52437
52463
52477
52496
52507
52524
52562
52572
52602
52602
52604
52612
52614
52616
52620
52632
52651
52668
52669
52674
52692
52702
52708
52716
52717
52730
52741
52746
52750
52761
52766
52770
52785
52791
52794
52799
52808
52817
52819
52835
52858
52896
52901
52909
52919
52922
52923
52928
52931
52975
52981
52984
52987
52994
52995
53002
53022
53036
53052
53054
53055
53057
53070
53077
53081
53082
53091
53108
53134
53143
53145
53147
53152
53154
53163
53189
53191
53191
53198
53213
53216
53217
53219
53224
53233
53251
53253
53262
53280
53303
53325
53331
53350
53360
53369
53393
53401
53411
53421
53434
53435
53471
53479
53487
53506
53509
53511
53523
53529
53541
53542
53547
53558
53559
53566
53588
53592
53594
53604
53609
53609
53609
53610
53633
53653
53671
53687
53687
53697
53698
53726
53737
53764
53771
53772
53784
53793
53804
53805
53808
53812
53818
53845
53855
53856
53861
53870
53874
53884
53900
53905
53925
53926
53956
53957
53958
53959
53960
53962
53984
53997
53999
54001
54008
54022
54023
54024
54040
54043
54048
54067
54084
54102
54119
54140
54149
54170
54180
54185
54249
54252
54254
54261
54275
54283
54284
54285
54292
54307
54319
54341
54347
54349
54366
54372
54374
54382
54392
54395
54413
54424
54430
54438
54447
54449
54464
54476
54501
54506
54508
54518
54542
54553
54554
54554
54555
54561
54592
54592
54603
54611
54613
54623
54626
54657
54663
54664
54692
54713
54716
54731
54732
54744
54755
54756
54773
54776
54791
54795
54798
54803
54806
54808
54821
54824
54825
54847
54862
54867
54869
54871
54878
54898
54908
54911
54912
54951
54961
54961
54965
54982
54992
54996
55031
55035
55044
55045
55053
55054
55088
55093
55107
55112
55113
55130
55150
55184
55229
55234
55241
55252
55278
55281
55288
55302
55310
55310
55318
55333
55346
55350
55352
55358
55360
55380
55418
55423
55431
55444
55444
55448
55449
55465
55485
55491
55496
55496
55499
55504
55518
55525
55533
55541
55548
55551
55568
55583
55584
55594
55594
55597
55608
55614
55618
55647
55649
55650
55664
55665
55677
55679
55683
55693
55701
55706
55707
55716
55730
55740
55768
55782
55783
55789
55801
55807
55820
55825
55843
55844
55856
55862
55862
55865
55874
55890
55891
55902
55910
55924
55937
55938
55959
55965
55969
55981
55989
55996
56003
56006
56019
56026
56071
56090
56100
56102
56104
56119
56126
56130
56138
56139
56141
56144
56150
56150
56161
56163
56164
56170
56177
56192
56206
56206
56236
56249
56253
56256
56257
56268
56272
56286
56301
56320
56334
56335
56340
56347
56358
56375
56416
56418
56444
56447
56456
56479
56480
56500
56525
56550
56550
56553
56564
56572
56578
56580
56584
56608
56619
56623
56639
56656
56660
56665
56669
56696
56714
56719
56739
56746
56747
56754
56759
56762
56791
56814
56817
56824
56825
56832
56842
56853
56857
56862
56864
56869
56876
56884
56884
56885
56897
56930
56933
56946
56949
56950
56975
56985
57009
57009
57017
57018
57023
57024
57025
57046
57049
57071
57075
57075
57084
57084
57089
57100
57127
57130
57160
57161
57161
57176
57179
57181
57190
57191
57208
57213
57215
57220
57224
57226
57228
57241
57244
57258
57259
57261
57267
57276
57283
57287
57287
57292
57295
57306
57312
57321
57323
57326
57340
57349
57350
57361
57378
57387
57401
57432
57443
57451
57459
57460
57491
57494
57509
57531
57532
57539
57562
57564
57597
57611
57615
57625
57627
57639
57646
57655
57663
57674
57688
57690
57697
57701
57701
57703
57706
57712
57725
57758
57772
57776
57792
57827
57829
57836
57856
57874
57887
57893
57902
57930
57936
57943
57943
57946
57947
57956
57965
57988
58048
58058
58080
58089
58091
58092
58093
58096
58108
58108
58121
58124
58130
58144
58151
58167
58183
58202
58204
58211
58216
58217
58220
58220
58226
58239
58263
58266
58269
58273
58274
58277
58280
58285
58317
58327
58334
58344
58361
58362
58368
58373
58374
58377
58404
58408
58424
58438
58440
58442
58444
58465
58467
58469
58484
58504
58541
58547
58573
58574
58575
58581
58594
58603
58614
58631
58647
58648
58650
58656
58659
58672
58707
58718
58727
58739
58745
58745
58747
58757
58782
58804
58808
58828
58834
58834
58855
58861
58868
58872
58899
58906
58908
58918
58919
58993
58996
58999
59018
59021
59026
59028
59046
59059
59073
59087
59099
59114
59118
59123
59125
59147
59148
59152
59155
59163
59168
59183
59210
59217
59230
59230
59265
59315
59317
59325
59343
59348
59355
59360
59361
59397
59411
59420
59422
59429
59445
59447
59454
59456
59469
59493
59511
59516
59559
59566
59573
59578
59618
59625
59647
59655
59656
59666
59677
59679
59680
59684
59685
59686
59713
59713
59714
59717
59727
59731
59733
59742
59746
59762
59762
59765
59786
59787
59790
59796
59816
59821
59829
59841
59859
59866
59871
59873
59874
59879
59887
59890
59894
59895
59895
59901
59902
59904
59932
59933
59938
59947
59961
59962
59966
59966
59988
59996
60004
60008
60010
60018
60025
60056
60059
60061
60069
60071
60071
60077
60085
60105
60108
60110
60121
60127
60129
60130
60133
60140
60161
60168
60170
60172
60179
60184
60189
60193
60206
60220
60222
60239
60239
60246
60273
60278
60299
60315
60316
60317
60324
60336
60337
60351
60402
60408
60420
60449
60472
60507
60530
60540
60553
60568
60575
60586
60598
60616
60624
60640
60641
60641
60645
60648
60650
60654
60655
60663
60665
60675
60740
60743
60751
60757
60768
60775
60777
60786
60791
60811
60826
60841
60861
60863
60898
60906
60907
60909
60931
60936
60946
60963
60982
61001
61003
61006
61010
61016
61019
61020
61029
61055
61057
61085
61090
61100
61107
61111
61137
61161
61169
61234
61252
61274
61279
61283
61289
61309
61332
61338
61341
61361
61363
61367
61371
61386
61424
61448
61449
61459
61464
61475
61477
61487
61495
61500
61508
61516
61516
61532
61536
61539
61563
61582
61588
61589
61590
61592
61602
61608
61617
61620
61621
61622
61638
61640
61642
61655
61676
61689
61713
61720
61720
61721
61726
61735
61745
61767
61767
61773
61799
61809
61831
61835
61840
61852
61853
61856
61864
61879
61886
61895
61911
61919
61921
61933
61937
61943
61951
61952
61964
61973
61978
61987
62001
62041
62046
62047
62067
62070
62074
62089
62090
62091
62095
62098
62101
62113
62131
62132
62140
62175
62176
62184
62203
62206
62219
62220
62228
62232
62253
62256
62270
62294
62302
62308
62328
62330
62374
62385
62402
62432
62434
62456
62467
62472
62480
62493
62499
62500
62506
62507
62513
62535
62535
62541
62554
62562
62564
62569
62571
62583
62609
62611
62626
62627
62630
62640
62642
62650
62662
62668
62682
62684
62686
62696
62704
62747
62751
62755
62756
62758
62769
62783
62785
62795
62802
62821
62824
62848
62854
62871
62881
62888
62907
62909
62910
62913
62913
62913
62914
62914
62926
62946
62952
62952
62962
62983
62991
62994
62997
63007
63007
63010
63011
63014
63032
63042
63046
63051
63064
63091
63094
63097
63102
63103
63109
63130
63140
63150
63169
63179
63201
63202
63213
63219
63222
63243
63271
63277
63297
63299
63319
63331
63342
63346
63350
63353
63359
63367
63373
63486
63507
63512
63517
63523
63523
63543
63550
63557
63561
63561
63563
63564
63575
63579
63581
63593
63600
63639
63648
63659
63662
63665
63671
63677
63681
63682
63728
63734
63754
63755
63757
63769
63774
63776
63808
63819
63841
63846
63857
63859
63886
63901
63902
63914
63946
63961
63980
63987
63988
64019
64065
64076
64083
64084
64112
64113
64136
64173
64174
64189
64190
64203
64213
64213
64217
64224
64225
64231
64244
64245
64259
64271
64306
64310
64329
64350
64351
64354
64364
64365
64382
64389
64404
64408
64414
64434
64451
64454
64459
64469
64471
64473
64484
64495
64497
64510
64518
64536
64536
64547
64551
64578
64605
64606
64612
64615
64625
64631
64632
64634
64642
64645
64660
64670
64677
64683
64690
64694
64717
64720
64720
64734
64741
64753
64769
64774
64776
64787
64825
64825
64829
64838
64843
64845
64854
64855
64866
64867
64875
64875
64880
64885
64885
64887
64888
64889
64889
64902
64906
64946
64956
64957
64960
64960
64967
64982
65011
65038
65050
65063
65071
65077
65077
65080
65086
65100
65144
65148
65149
65163
65170
65203
65269
65275
65278
65281
65284
65291
65296
65309
65310
65316
65327
65353
65354
65358
65361
65363
65369
65370
65375
65385
65397
65398
65408
65416
65418
65446
65470
65481
65491
65502
65568
65584
65584
65598
65620
65628
65645
65671
65681
65704
65709
65720
65724
65730
65733
65759
65768
65769
65769
65773
65787
65817
65829
65891
65908
65912
65970
65975
66003
66010
66021
66024
66035
66042
66044
66045
66050
66062
66069
66087
66104
66108
66115
66122
66125
66131
66136
66152
66156
66156
66156
66162
66164
66167
66167
66208
66210
66225
66226
66229
66252
66261
66265
66307
66312
66314
66317
66333
66338
66338
66353
66354
66357
66375
66386
66400
66411
66417
66418
66423
66436
66438
66455
66464
66482
66495
66514
66536
66539
66542
66548
66558
66558
66561
66568
66581
66621
66623
66644
66645
66649
66654
66678
66693
66737
66738
66743
66785
66796
66798
66805
66814
66833
66862
66872
66873
66881
66894
66907
66914
66955
66972
66984
66999
67002
67005
67010
67011
67012
67024
67046
67050
67067
67067
67070
67083
67098
67106
67117
67128
67144
67151
67155
67155
67157
67172
67201
67206
67209
67215
67238
67242
67244
67248
67269
67272
67274
67279
67279
67290
67304
67313
67323
67325
67332
67332
67336
67351
67352
67367
67392
67401
67402
67408
67408
67424
67434
67435
67445
67456
67470
67473
67477
67490
67491
67495
67501
67517
67519
67525
67549
67576
67578
67581
67589
67601
67609
67617
67635
67636
67650
67653
67655
67667
67679
67686
67710
67723
67728
67734
67739
67746
67749
67759
67760
67786
67809
67818
67836
67840
67860
67881
67884
67886
67892
67893
67902
67908
67917
67923
67946
67949
67953
67966
67976
67978
67990
68017
68020
68040
68040
68047
68051
68053
68055
68066
68072
68073
68074
68085
68085
68099
68104
68106
68107
68119
68127
68131
68135
68140
68143
68175
68181
68182
68212
68213
68215
68217
68228
68229
68235
68243
68244
68271
68272
68274
68289
68294
68300
68303
68306
68315
68323
68327
68338
68341
68343
68349
68354
68356
68366
68372
68372
68380
68383
68385
68391
68397
68428
68439
68439
68454
68455
68456
68458
68483
68496
68499
68511
68614
68616
68627
68635
68638
68657
68666
68670
68676
68693
68700
68703
68710
68712
68728
68729
68731
68738
68744
68759
68767
68788
68792
68818
68830
68847
68873
68877
68879
68881
68882
68885
68893
68894
68896
68898
68899
68900
68904
68913
68963
68966
68974
68979
68987
69009
69024
69029
69029
69043
69066
69087
69094
69097
69135
69142
69145
69151
69152
69161
69161
69163
69170
69189
69190
69192
69195
69230
69231
69241
69248
69250
69253
69256
69260
69273
69276
69287
69303
69312
69315
69322
69338
69362
69364
69367
69380
69382
69386
69393
69395
69398
69407
69420
69421
69431
69433
69434
69435
69439
69447
69466
69471
69472
69488
69489
69491
69496
69508
69518
69520
69523
69527
69531
69544
69552
69618
69623
69624
69630
69640
69647
69648
69653
69659
69675
69676
69676
69700
69702
69711
69735
69743
69743
69744
69746
69755
69763
69788
69788
69797
69811
69824
69880
69892
69894
69895
69896
69918
69923
69930
69934
69939
69952
69953
69954
69955
69988
69999
70002
70004
70041
70052
70055
70083
70091
70102
70133
70158
70158
70159
70171
70176
70178
70180
70197
70209
70229
70264
70268
70269
70278
70291
70292
70344
70350
70357
70370
70375
70375
70377
70380
70386
70389
70390
70393
70404
70404
70410
70411
70426
70437
70448
70466
70472
70484
70490
70506
70520
70533
70540
70542
70553
70562
70574
70578
70587
70588
70598
70612
70622
70627
70627
70662
70664
70666
70707
70708
70716
70718
70731
70757
70757
70761
70765
70780
70780
70782
70808
70816
70818
70843
70849
70857
70867
70871
70873
70890
70902
70903
70904
70910
70914
70917
70928
70932
70935
70937
70943
70950
70957
70958
70965
70976
70989
71004
71004
71006
71020
71025
71026
71039
71040
71062
71067
71067
71072
71082
71094
71097
71099
71102
71103
71109
71143
71145
71157
71162
71186
71201
71206
71206
71247
71263
71274
71281
71287
71287
71292
71296
71314
71322
71334
71338
71380
71383
71395
71400
71402
71406
71420
71422
71453
71460
71484
71489
71497
71500
71512
71534
71556
71562
71570
71599
71599
71604
71611
71611
71612
71614
71619
71632
71633
71651
71666
71680
71681
71688
71706
71708
71721
71721
71734
71737
71751
71775
71777
71790
71795
71808
71829
71829
71840
71842
71852
71858
71918
71936
71940
71943
71944
71960
71994
71997
72007
72011
72016
72018
72021
72021
72049
72071
72074
72083
72096
72096
72116
72150
72165
72166
72168
72174
72176
72181
72188
72195
72205
72206
72225
72235
72237
72249
72250
72251
72258
72264
72285
72302
72304
72314
72315
72323
72345
72353
72370
72379
72380
72391
72417
72420
72423
72430
72456
72458
72463
72466
72469
72471
72485
72497
72523
72529
72536
72539
72543
72544
72553
72554
72554
72556
72558
72599
72614
72624
72633
72658
72674
72675
72683
72686
72688
72715
72727
72728
72730
72747
72783
72796
72806
72823
72825
72826
72841
72841
72856
72879
72889
72900
72907
72937
72942
72946
72954
72974
72982
72988
72989
72997
73002
73021
73024
73033
73048
73052
73065
73089
73100
73103
73104
73112
73114
73116
73141
73145
73160
73182
73210
73216
73222
73226
73235
73240
73247
73253
73264
73285
73306
73317
73325
73326
73333
73365
73367
73370
73386
73390
73394
73395
73419
73420
73422
73425
73434
73437
73443
73455
73488
73493
73503
73513
73526
73549
73560
73562
73573
73584
73587
73605
73609
73613
73622
73627
73646
73671
73675
73675
73687
73692
73693
73709
73720
73723
73723
73724
73725
73742
73769
73775
73784
73791
73808
73815
73818
73818
73821
73830
73831
73843
73855
73856
73858
73863
73885
73897
73901
73910
73920
73924
73954
73964
73980
73986
73987
74013
74037
74040
74044
74050
74064
74067
74069
74076
74079
74088
74130
74133
74133
74137
74147
74156
74181
74190
74196
74227
74233
74241
74251
74255
74302
74303
74307
74309
74310
74318
74318
74321
74325
74334
74358
74359
74364
74391
74403
74406
74412
74417
74420
74430
74444
74453
74453
74469
74490
74496
74496
74526
74526
74530
74539
74572
74575
74606
74641
74642
74649
74666
74696
74698
74703
74712
74719
74748
74757
74764
74766
74768
74776
74789
74799
74809
74819
74821
74830
74861
74866
74870
74873
74874
74899
74902
74903
74925
74927
74950
74952
74959
74966
74975
74988
74991
75016
75037
75046
75050
75066
75068
75092
75113
75122
75172
75175
75188
75218
75225
75236
75241
75251
75276
75277
75286
75292
75319
75320
75348
75354
75362
75364
75378
75393
75396
75404
75411
75412
75417
75457
75459
75460
75461
75463
75465
75470
75503
75531
75535
75536
75540
75541
75546
75551
75586
75597
75599
75605
75613
75616
75650
75651
75655
75659
75682
75688
75700
75717
75717
75722
75741
75759
75776
75785
75795
75808
75822
75824
75825
75830
75834
75845
75855
75859
75863
75884
75895
75902
75916
75935
75936
75937
75944
75950
75976
75993
76005
76008
76008
76022
76024
76031
76045
76046
76050
76064
76099
76110
76111
76142
76153
76155
76158
76162
76163
76165
76171
76175
76234
76238
76240
76242
76282
76295
76297
76302
76342
76350
76366
76385
76390
76391
76393
76398
76399
76404
76410
76435
76437
76441
76441
76445
76465
76467
76477
76480
76489
76510
76520
76523
76525
76532
76532
76546
76548
76550
76555
76599
76627
76628
76630
76631
76635
76651
76679
76688
76714
76718
76719
76724
76734
76754
76782
76791
76798
76806
76809
76814
76832
76847
76856
76869
76875
76879
76880
76886
76894
76896
76900
76927
76929
76938
76949
76952
76958
76966
76980
76992
77007
77012
77012
77036
77042
77051
77069
77071
77078
77083
77087
77100
77115
77118
77121
77122
77161
77171
77181
77186
77189
77203
77212
77217
77231
77234
77253
77255
77277
77311
77313
77324
77329
77334
77343
77351
77360
77373
77380
77403
77406
77411
77412
77423
77429
77445
77455
77459
77462
77466
77475
77480
77483
77487
77490
77517
77521
77527
77527
77555
77563
77573
77606
77621
77621
77636
77643
77647
77666
77668
77676
77689
77701
77704
77736
77736
77748
77770
77774
77776
77782
77782
77804
77806
77832
77836
77860
77864
77876
77877
77878
77894
77934
77941
77952
77955
77966
77966
77968
77980
78004
78025
78042
78046
78057
78075
78077
78093
78095
78097
78126
78129
78147
78149
78160
78168
78218
78242
78268
78277
78277
78285
78320
78327
78339
78355
78357
78374
78389
78390
78390
78394
78409
78410
78416
78416
78441
78453
78453
78475
78479
78480
78483
78487
78491
78516
78523
78529
78535
78543
78552
78563
78565
78582
78590
78591
78593
78604
78605
78606
78608
78609
78615
78620
78625
78626
78627
78632
78632
78654
78655
78664
78668
78669
78673
78674
78676
78697
78709
78709
78713
78731
78741
78742
78744
78755
78764
78779
78780
78784
78792
78796
78805
78844
78848
78850
78854
78854
78862
78885
78885
78889
78904
78921
78930
78930
78949
78952
78955
78957
78965
78971
78982
78997
79005
79006
79006
79018
79023
79029
79046
79051
79058
79103
79105
79105
79114
79121
79124
79150
79152
79166
79170
79173
79176
79179
79185
79188
79231
79232
79252
79262
79291
79318
79346
79353
79366
79366
79371
79373
79415
79428
79438
79443
79445
79449
79458
79462
79467
79472
79495
79500
79500
79510
79514
79523
79529
79544
79547
79561
79562
79575
79579
79588
79590
79594
79613
79635
79635
79640
79645
79660
79679
79680
79682
79695
79709
79716
79745
79746
79747
79749
79753
79767
79768
79789
79829
79846
79853
79854
79861
79865
79896
79897
79909
79924
79926
79929
79932
79936
79939
79943
79953
79970
79971
80011
80013
80016
80016
80021
80034
80044
80047
80065
80066
80071
80095
80105
80122
80122
80124
80128
80130
80142
80151
80154
80159
80164
80168
80178
80179
80209
80212
80216
80230
80231
80233
80233
80257
80257
80278
80284
80287
80294
80299
80319
80330
80361
80362
80369
80381
80404
80405
80406
80417
80421
80447
80448
80454
80464
80464
80478
80503
80505
80508
80509
80514
80517
80528
80543
80566
80570
80574
80582
80584
80584
80591
80595
80609
80610
80610
80612
80615
80616
80631
80647
80652
80653
80662
80665
80668
80682
80685
80698
80720
80725
80731
80742
80768
80777
80794
80799
80804
80821
80837
80843
80846
80853
80854
80861
80866
80878
80882
80890
80895
80896
80900
80900
80923
80950
80973
81007
81014
81028
81033
81039
81057
81069
81082
81083
81098
81099
81106
81122
81130
81140
81145
81167
81176
81178
81189
81202
81207
81217
81231
81235
81238
81240
81245
81248
81262
81282
81283
81289
81298
81327
81340
81356
81362
81366
81366
81367
81378
81389
81390
81409
81411
81416
81428
81432
81435
81435
81445
81475
81483
81495
81528
81546
81558
81564
81566
81587
81600
81602
81622
81628
81629
81635
81650
81669
81675
81690
81719
81731
81735
81774
81774
81774
81783
81800
81803
81835
81855
81866
81884
81890
81945
81986
81994
82029
82036
82044
82047
82049
82052
82053
82060
82076
82094
82099
82126
82160
82162
82165
82174
82202
82224
82253
82273
82277
82282
82299
82309
82311
82311
82315
82329
82373
82373
82405
82407
82408
82412
82416
82419
82429
82433
82433
82451
82456
82486
82486
82488
82500
82513
82515
82520
82544
82554
82564
82565
82586
82592
82593
82613
82618
82621
82622
82631
82636
82638
82652
82661
82684
82693
82699
82727
82730
82754
82760
82770
82797
82804
82812
82814
82819
82826
82834
82836
82837
82842
82864
82864
82873
82874
82877
82891
82902
82911
82914
82928
82930
82932
82940
82947
82959
82970
82975
82982
82985
83020
83072
83093
83112
83113
83136
83136
83143
83164
83173
83185
83200
83221
83228
83231
83304
83328
83348
83351
83378
83384
83386
83398
83404
83425
83441
83445
83449
83456
83459
83465
83476
83481
83512
83530
83532
83534
83536
83542
83559
83571
83579
83617
83638
83638
83643
83649
83650
83689
83694
83695
83697
83701
83702
83704
83711
83725
83725
83727
83739
83747
83748
83756
83767
83771
83778
83778
83779
83780
83788
83794
83794
83809
83816
83817
83825
83843
83850
83851
83851
83862
83879
83889
83892
83912
83915
83923
83940
83963
83965
83980
83990
83998
84025
84026
84044
84050
84059
84071
84083
84092
84097
84105
84124
84134
84179
84179
84194
84201
84208
84214
84222
84223
84231
84232
84239
84244
84277
84299
84303
84311
84313
84321
84324
84348
84375
84381
84392
84405
84406
84409
84421
84428
84451
84459
84461
84477
84511
84519
84526
84548
84563
84565
84621
84672
84679
84715
84727
84737
84747
84747
84752
84754
84764
84765
84766
84769
84785
84810
84811
84829
84835
84891
84892
84905
84925
84925
84927
84948
84978
85013
85021
85023
85035
85041
85058
85061
85113
85119
85119
85122
85125
85127
85130
85131
85132
85155
85156
85177
85188
85195
85199
85202
85208
85212
85218
85219
85233
85233
85236
85239
85240
85254
85255
85257
85257
85269
85283
85295
85296
85315
85316
85341
85342
85360
85376
85393
85400
85408
85418
85427
85428
85438
85441
85470
85476
85482
85485
85487
85513
85524
85546
85560
85580
85599
85599
85608
85618
85623
85631
85641
85643
85643
85654
85657
85658
85667
85677
85683
85685
85688
85688
85693
85697
85705
85705
85718
85724
85733
85771
85776
85781
85795
85817
85820
85822
85824
85829
85851
85859
85911
85913
85924
85924
85924
85927
85930
85937
85939
85948
85952
85956
85962
85971
85973
85976
85979
85992
85995
86040
86043
86046
86067
86073
86079
86081
86090
86100
86103
86105
86121
86143
86145
86170
86172
86189
86213
86216
86223
86231
86232
86232
86252
86262
86266
86275
86302
86307
86309
86312
86316
86323
86354
86355
86358
86365
86372
86383
86384
86400
86401
86427
86456
86474
86477
86484
86493
86508
86527
86533
86536
86547
86552
86554
86561
86561
86568
86568
86573
86584
86588
86594
86619
86631
86638
86639
86641
86653
86654
86656
86702
86706
86717
86720
86739
86767
86787
86797
86805
86815
86816
86838
86875
86882
86897
86922
86927
86930
86940
86955
86958
86972
86979
86983
87001
87002
87012
87016
87040
87041
87042
87102
87106
87129
87146
87155
87158
87169
87179
87179
87180
87187
87192
87205
87208
87209
87224
87224
87227
87275
87290
87297
87312
87315
87344
87346
87351
87369
87370
87374
87377
87380
87392
87399
87402
87421
87433
87472
87476
87479
87501
87511
87526
87527
87530
87534
87538
87543
87554
87556
87562
87569
87573
87577
87584
87587
87614
87623
87627
87630
87641
87646
87650
87651
87671
87676
87677
87679
87683
87686
87696
87714
87714
87720
87722
87745
87789
87799
87809
87824
87839
87847
87848
87849
87851
87859
87859
87867
87887
87913
87922
87923
87925
87929
87933
87953
87966
87966
87972
87978
88005
88019
88019
88020
88029
88037
88043
88056
88068
88085
88097
88110
88117
88124
88146
88164
88174
88177
88187
88188
88202
88224
88236
88238
88259
88266
88267
88275
88278
88279
88281
88290
88299
88308
88320
88332
88332
88345
88355
88358
88359
88370
88372
88382
88396
88410
88416
88433
88433
88479
88488
88505
88507
88516
88521
88530
88531
88537
88545
88565
88573
88585
88591
88598
88633
88633
88648
88662
88674
88675
88678
88692
88695
88745
88771
88775
88777
88782
88798
88816
88825
88840
88851
88853
88862
88870
88874
88884
88892
88893
88893
88894
88896
88898
88922
88937
88938
88955
88957
88979
88987
88988
88989
88995
88997
88999
89001
89015
89032
89044
89056
89060
89081
89082
89084
89086
89102
89116
89124
89128
89128
89138
89174
89176
89178
89193
89194
89199
89234
89235
89251
89281
89285
89291
89305
89332
89334
89338
89352
89352
89356
89373
89391
89443
89447
89471
89477
89491
89496
89499
89529
89531
89535
89538
89546
89546
89549
89555
89556
89557
89565
89578
89608
89621
89648
89649
89653
89662
89675
89676
89683
89692
89696
89700
89717
89717
89736
89743
89747
89762
89768
89776
89785
89795
89806
89812
89822
89843
89846
89853
89856
89859
89861
89862
89881
89884
89888
89912
89929
89930
89930
89932
89932
89938
89939
89941
89954
89968
89987
89997
90006
90007
90014
90028
90032
90052
90053
90057
90063
90073
90080
90089
90091
90096
90100
90104
90104
90159
90173
90179
90180
90183
90193
90194
90203
90219
90228
90239
90239
90249
90264
90265
90280
90284
90288
90292
90304
90314
90323
90331
90335
90343
90347
90350
90370
90372
90387
90390
90394
90397
90403
90430
90440
90442
90446
90447
90450
90454
90460
90461
90462
90480
90484
90485
90495
90495
90511
90515
90540
90556
90561
90583
90591
90593
90600
90611
90631
90634
90639
90646
90651
90652
90656
90662
90677
90683
90686
90696
90697
90699
90709
90710
90716
90718
90723
90753
90768
90770
90784
90786
90802
90804
90826
90830
90840
90854
90862
90870
90871
90871
90872
90876
90888
90913
90931
90935
90946
90949
90961
90962
90978
90990
90997
91005
91013
91015
91022
91023
91028
91029
91029
91039
91044
91064
91079
91090
91111
91122
91127
91133
91137
91146
91152
91156
91157
91182
91185
91194
91200
91200
91208
91223
91244
91252
91267
91280
91296
91307
91315
91318
91322
91336
91346
91356
91383
91388
91415
91429
91437
91446
91466
91473
91499
91502
91510
91516
91536
91551
91552
91583
91591
91596
91610
91614
91679
91691
91698
91707
91713
91717
91723
91728
91736
91739
91760
91765
91773
91775
91778
91786
91791
91800
91806
91833
91837
91841
91859
91860
91890
91904
91906
91908
91912
91932
91937
91970
91973
91985
91986
91994
92004
92009
92014
92024
92075
92080
92082
92107
92120
92160
92170
92186
92205
92227
92229
92279
92302
92313
92314
92327
92347
92348
92353
92358
92359
92360
92369
92386
92386
92388
92395
92399
92401
92407
92412
92421
92464
92471
92486
92499
92509
92510
92511
92545
92547
92550
92569
92570
92580
92582
92586
92594
92618
92648
92665
92673
92681
92715
92730
92736
92753
92754
92755
92756
92778
92791
92815
92824
92824
92827
92831
92835
92846
92848
92853
92871
92891
92899
92914
92915
92923
92925
92939
92939
92943
92948
92957
92958
92958
92961
92964
92975
92977
92990
92991
92999
93017
93029
93047
93047
93066
93076
93082
93086
93088
93097
93098
93112
93113
93118
93121
93131
93134
93136
93140
93146
93153
93164
93171
93176
93177
93182
93192
93209
93211
93242
93244
93245
93248
93250
93257
93259
93269
93294
93303
93337
93342
93364
93401
93405
93426
93446
93448
93448
93453
93468
93473
93484
93489
93490
93507
93532
93536
93544
93552
93558
93559
93573
93581
93594
93595
93614
93614
93628
93638
93643
93646
93660
93673
93678
93685
93716
93732
93736
93776
93790
93798
93806
93810
93811
93811
93816
93829
93836
93839
93840
93842
93844
93863
93872
93882
93884
93885
93901
93915
93918
93933
93937
93940
93942
93946
93952
93977
93978
93982
93989
93999
94000
94012
94022
94033
94040
94047
94048
94055
94059
94069
94076
94077
94082
94126
94139
94145
94161
94177
94184
94231
94244
94248
94248
94250
94270
94278
94281
94295
94306
94307
94321
94328
94334
94366
94367
94376
94390
94398
94406
94417
94441
94448
94452
94453
94482
94483
94495
94502
94503
94503
94512
94523
94535
94549
94552
94557
94558
94570
94580
94583
94598
94601
94613
94623
94648
94668
94687
94699
94701
94706
94717
94725
94725
94726
94727
94743
94747
94760
94763
94774
94784
94787
94810
94817
94824
94831
94853
94873
94874
94891
94905
94908
94912
94943
94974
94987
94997
95000
95002
95019
95036
95046
95053
95061
95071
95078
95086
95087
95100
95113
95122
95127
95135
95155
95155
95163
95169
95170
95175
95188
95193
95204
95205
95225
95237
95248
95250
95252
95258
95265
95303
95309
95326
95336
95339
95350
95360
95369
95383
95398
95406
95408
95415
95435
95441
95445
95453
95465
95499
95521
95530
95530
95532
95536
95557
95561
95562
95600
95606
95617
95630
95641
95647
95648
95654
95671
95704
95713
95714
95731
95742
95749
95749
95767
95780
95785
95788
95801
95810
95820
95843
95858
95893
95905
95911
95914
95916
95935
95946
95949
95954
95975
95979
95985
95986
96004
96004
96023
96029
96045
96053
96055
96062
96067
96074
96093
96098
96101
96109
96137
96142
96144
96166
96182
96203
96205
96212
96213
96215
96264
96269
96270
96272
96301
96317
96335
96348
96377
96398
96398
96402
96406
96446
96451
96453
96454
96471
96479
96482
96493
96498
96501
96502
96517
96522
96542
96560
96563
96568
96579
96582
96583
96600
96650
96660
96664
96664
96670
96670
96695
96700
96713
96714
96731
96734
96749
96800
96803
96809
96827
96836
96866
96868
96871
96890
96896
96903
96904
96909
96929
96961
96977
96988
96988
96988
97004
97044
97048
97050
97063
97064
97084
97100
97119
97143
97144
97164
97166
97176
97181
97183
97208
97215
97237
97240
97251
97251
97257
97268
97274
97278
97285
97287
97299
97304
97322
97332
97335
97340
97341
97343
97360
97360
97372
97380
97384
97386
97397
97413
97436
97439
97457
97462
97462
97481
97503
97506
97508
97511
97512
97523
97531
97544
97558
97563
97567
97570
97588
97591
97634
97636
97648
97658
97667
97670
97691
97692
97698
97705
97706
97710
97716
97716
97738
97741
97754
97755
97759
97774
97779
97785
97796
97816
97818
97838
97863
97871
97875
97899
97920
97925
97955
97961
97970
97986
97990
98011
98015
98025
98038
98045
98047
98053
98066
98074
98086
98106
98119
98126
98127
98130
98148
98175
98184
98188
98191
98195
98205
98209
98210
98223
98236
98241
98255
98261
98266
98281
98283
98285
98314
98344
98348
98361
98364
98378
98384
98388
98388
98408
98458
98465
98481
98500
98501
98504
98515
98538
98540
98548
98576
98579
98616
98630
98639
98668
98668
98680
98684
98686
98702
98708
98710
98711
98715
98733
98737
98739
98744
98761
98762
98763
98764
98768
98780
98783
98790
98800
98811
98814
98820
98826
98855
98865
98875
98892
98906
98912
98916
98917
98943
98956
98962
98977
98990
98995
99001
99017
99031
99060
99063
99069
99080
99089
99130
99135
99143
99145
99150
99153
99176
99182
99185
99207
99245
99250
99281
99284
99303
99305
99312
99328
99329
99389
99406
99415
99420
99430
99441
99449
99451
99454
99463
99470
99474
99491
99493
99504
99506
99513
99518
99552
99558
99569
99581
99591
99603
99613
99616
99638
99685
99686
99690
99693
99696
99709
99734
99742
99748
99749
99752
99755
99768
99776
99780
99796
99799
99807
99827
99829
99913
99915
99931
99960
99961
99971
99973
99986
