1
7
14
26
28
30
49
49
52
71
76
84
93
95
102
118
120
121
124
125
134
143
167
170
175
191
191
238
246
251
257
290
308
332
335
340
350
352
360
362
362
373
373
388
392
393
398
405
410
419
429
429
443
444
446
487
505
507
509
509
521
545
547
572
582
591
594
613
615
625
627
646
662
675
713
719
729
775
787
789
794
794
802
809
825
825
826
826
829
833
835
847
856
878
889
892
895
925
932
957
958
1012
1021
1023
1025
1038
1044
1070
1072
1099
1101
1106
1106
1111
1112
1116
1141
1143
1157
1164
1186
1212
1216
1218
1226
1228
1246
1270
1283
1287
1306
1312
1316
1326
1332
1340
1347
1348
1364
1366
1386
1409
1419
1434
1435
1436
1449
1457
1472
1529
1581
1603
1608
1609
1616
1625
1625
1678
1706
1709
1758
1766
1769
1779
1801
1832
1838
1841
1849
1883
1897
1905
1910
1922
1937
1983
1992
2003
2004
2007
2018
2054
2058
2061
2068
2073
2078
2093
2107
2107
2115
2115
2116
2125
2136
2145
2146
2149
2161
2176
2186
2198
2216
2227
2243
2265
2269
2270
2277
2303
2320
2325
2330
2332
2349
2355
2358
2361
2363
2376
2386
2387
2417
2445
2449
2450
2452
2480
2482
2499
2513
2522
2526
2527
2538
2558
2559
2562
2573
2590
2609
2620
2628
2641
2644
2644
2650
2650
2653
2670
2671
2680
2683
2690
2693
2705
2712
2715
2739
2750
2796
2808
2815
2819
2821
2835
2842
2856
2858
2860
2875
2879
2884
2884
2892
2893
2901
2902
2906
2926
2927
2929
2936
2940
2996
2996
2997
3027
3030
3037
3037
3037
3038
3047
3063
3063
3084
3091
3101
3117
3132
3139
3216
3221
3239
3264
3267
3268
3276
3283
3311
3314
3315
3322
3329
3333
3337
3356
3357
3396
3425
3432
3434
3437
3446
3446
3447
3454
3456
3466
3488
3489
3515
3544
3549
3555
3591
3597
3606
3639
3648
3648
3671
3684
3685
3691
3701
3717
3720
3724
3735
3741
3750
3760
3761
3775
3783
3794
3804
3810
3817
3827
3840
3845
3846
3851
3855
3875
3881
3885
3890
3896
3906
3922
3927
3929
3941
3942
3950
3952
3956
3964
3972
3981
4004
4005
4014
4025
4043
4058
4063
4085
4096
4100
4107
4110
4113
4114
4120
4144
4179
4198
4198
4205
4213
4220
4248
4261
4280
4284
4289
4293
4306
4318
4326
4340
4347
4357
4363
4367
4369
4386
4399
4419
4420
4429
4440
4454
4460
4497
4499
4510
4528
4555
4586
4586
4591
4604
4631
4636
4638
4643
4648
4664
4666
4672
4676
4690
4725
4731
4739
4746
4761
4764
4768
4769
4774
4783
4790
4810
4822
4829
4832
4842
4842
4850
4861
4861
4873
4879
4881
4884
4887
4887
4908
4921
4922
4936
4937
4939
4939
4952
4963
4966
4967
4987
4997
4998
5000
5003
5074
5105
5113
5123
5129
5134
5142
5163
5168
5181
5188
5215
5216
5223
5230
5269
5279
5285
5286
5300
5319
5320
5323
5337
5356
5360
5361
5374
5384
5388
5391
5411
5411
5425
5430
5430
5454
5461
5490
5506
5517
5521
5534
5535
5535
5544
5554
5571
5573
5585
5596
5608
5624
5638
5644
5654
5654
5682
5685
5687
5700
5703
5718
5720
5721
5722
5737
5753
5774
5783
5796
5807
5815
5815
5828
5828
5831
5860
5882
5884
5896
5902
5917
5918
5919
5927
5931
5935
5935
5940
5952
5964
5968
5974
5991
6011
6014
6014
6017
6026
6033
6035
6043
6062
6068
6078
6080
6088
6098
6101
6104
6115
6141
6163
6204
6214
6227
6230
6236
6251
6260
6260
6263
6268
6268
6269
6271
6277
6281
6301
6305
6335
6338
6347
6357
6383
6383
6394
6395
6396
6398
6403
6426
6435
6445
6451
6462
6466
6478
6483
6492
6492
6497
6511
6546
6615
6634
6648
6650
6654
6654
6679
6707
6708
6735
6745
6746
6747
6751
6755
6777
6788
6793
6797
6808
6813
6814
6851
6878
6883
6898
6915
6919
6932
6944
6968
6975
6976
7035
7055
7057
7102
7111
7118
7130
7131
7145
7182
7186
7190
7190
7211
7219
7219
7227
7231
7233
7253
7266
7282
7289
7304
7322
7328
7331
7354
7354
7368
7371
7375
7376
7378
7385
7392
7413
7427
7428
7433
7439
7453
7475
7482
7487
7488
7557
7562
7569
7577
7589
7604
7604
7631
7644
7650
7651
7665
7671
7680
7682
7688
7689
7703
7716
7723
7740
7764
7791
7799
7801
7806
7824
7827
7843
7856
7857
7858
7861
7876
7877
7884
7924
7927
7930
7944
7953
7982
7996
8000
8013
8040
8042
8043
8043
8080
8085
8087
8088
8091
8102
8103
8116
8153
8156
8165
8171
8200
8210
8226
8237
8248
8259
8283
8297
8298
8304
8314
8321
8322
8325
8328
8336
8346
8352
8353
8355
8363
8364
8368
8377
8381
8385
8388
8391
8409
8410
8412
8438
8451
8465
8465
8473
8473
8481
8486
8495
8504
8509
8510
8511
8520
8526
8531
8532
8536
8547
8610
8617
8621
8634
8643
8650
8653
8655
8658
8673
8687
8689
8700
8716
8745
8749
8750
8757
8765
8770
8770
8774
8785
8798
8800
8816
8820
8823
8828
8834
8840
8850
8857
8858
8862
8865
8872
8893
8898
8901
8909
8916
8917
8928
8951
8952
8956
8969
8988
8995
9010
9025
9036
9047
9060
9073
9082
9093
9094
9103
9105
9106
9131
9132
9132
9142
9143
9230
9238
9249
9251
9274
9275
9285
9295
9300
9304
9304
9324
9339
9343
9352
9354
9380
9382
9385
9404
9410
9410
9413
9433
9441
9442
9496
9502
9517
9521
9532
9548
9549
9551
9565
9573
9577
9586
9611
9617
9637
9638
9653
9657
9672
9686
9688
9689
9704
9707
9734
9746
9766
9775
9777
9800
9805
9808
9813
9815
9826
9830
9863
9866
9866
9872
9872
9874
9885
9892
9916
9917
9941
9950
9952
9955
9960
9967
9977
9980
9986
9994
9995
10005
10028
10044
10046
10083
10102
10108
10112
10117
10121
10128
10148
10157
10158
10158
10175
10177
10183
10198
10202
10208
10216
10220
10221
10244
10254
10279
10294
10314
10325
10330
10330
10340
10369
10371
10373
10374
10385
10399
10415
10420
10457
10477
10482
10483
10493
10494
10495
10521
10524
10526
10531
10536
10538
10568
10573
10574
10577
10586
10589
10590
10592
10604
10617
10626
10631
10632
10643
10667
10674
10688
10690
10725
10737
10740
10763
10764
10766
10802
10806
10813
10832
10835
10851
10851
10855
10873
10875
10883
10928
10937
10957
10962
10992
10996
11011
11013
11016
11019
11022
11024
11025
11026
11031
11038
11041
11045
11045
11045
11066
11066
11070
11078
11099
11101
11125
11132
11139
11140
11144
11165
11176
11177
11179
11181
11183
11217
11236
11256
11259
11271
11284
11296
11301
11306
11319
11320
11333
11342
11343
11346
11363
11370
11407
11415
11416
11418
11427
11431
11437
11442
11457
11458
11478
11488
11504
11515
11520
11570
11578
11605
11619
11622
11653
11655
11659
11663
11693
11694
11695
11695
11700
11702
11704
11716
11724
11734
11755
11758
11804
11816
11848
11871
11876
11896
11897
11898
11908
11910
11912
11956
11959
11962
11974
11988
11988
11989
11991
12006
12006
12008
12013
12021
12026
12039
12060
12066
12071
12077
12082
12095
12097
12101
12166
12186
12198
12204
12214
12232
12235
12236
12239
12241
12251
12258
12280
12297
12298
12311
12312
12329
12351
12356
12364
12365
12386
12398
12403
12421
12429
12436
12437
12441
12441
12443
12477
12484
12487
12492
12495
12506
12510
12513
12523
12538
12544
12552
12566
12569
12577
12578
12586
12596
12616
12625
12628
12629
12629
12629
12641
12663
12673
12677
12682
12684
12685
12685
12687
12692
12693
12714
12714
12716
12734
12736
12736
12753
12761
12769
12771
12771
12773
12795
12799
12816
12830
12831
12831
12840
12853
12863
12874
12884
12884
12884
12889
12894
12895
12904
12906
12908
12927
12942
12967
12977
12984
12996
13004
13005
13015
13022
13032
13052
13070
13074
13083
13088
13099
13100
13107
13120
13131
13149
13150
13163
13166
13187
13192
13197
13209
13217
13230
13238
13249
13255
13263
13266
13269
13272
13281
13291
13315
13333
13341
13349
13362
13375
13378
13398
13399
13403
13408
13420
13426
13439
13439
13446
13447
13448
13448
13457
13482
13484
13558
13573
13601
13611
13613
13620
13621
13635
13637
13680
13688
13694
13702
13724
13724
13734
13735
13735
13761
13763
13775
13777
13778
13789
13790
13792
13801
13803
13806
13807
13819
13820
13825
13842
13853
13875
13877
13885
13892
13893
13895
13900
13940
13950
13964
13974
13977
13993
13993
13997
14002
14003
14010
14013
14028
14036
14038
14041
14051
14054
14059
14068
14095
14125
14126
14166
14188
14192
14209
14239
14263
14279
14290
14304
14306
14321
14321
14337
14356
14379
14384
14391
14399
14406
14422
14424
14427
14433
14433
14444
14473
14479
14500
14520
14538
14557
14566
14571
14584
14595
14599
14599
14617
14623
14641
14646
14672
14676
14679
14710
14728
14732
14732
14738
14745
14748
14750
14764
14774
14791
14801
14803
14811
14818
14819
14823
14833
14834
14846
14872
14892
14897
14930
14967
14982
14989
15008
15017
15027
15033
15048
15053
15053
15070
15090
15103
15108
15110
15112
15137
15157
15159
15167
15194
15194
15208
15235
15239
15241
15241
15249
15250
15259
15274
15278
15307
15309
15310
15310
15337
15382
15382
15389
15395
15402
15427
15434
15437
15437
15437
15449
15455
15484
15494
15500
15512
15515
15517
15540
15546
15546
15552
15575
15586
15593
15606
15613
15614
15621
15621
15658
15664
15666
15692
15711
15734
15735
15736
15737
15748
15750
15781
15791
15797
15818
15879
15897
15904
15908
15910
15911
15928
15948
15963
15967
15990
16039
16066
16068
16100
16111
16112
16116
16119
16129
16138
16144
16179
16182
16218
16243
16245
16253
16255
16273
16289
16291
16291
16296
16299
16300
16303
16308
16309
16311
16319
16319
16330
16345
16355
16361
16407
16430
16432
16438
16441
16442
16456
16466
16505
16505
16552
16571
16573
16587
16600
16603
16625
16641
16695
16702
16724
16730
16731
16732
16745
16747
16757
16766
16771
16786
16826
16829
16846
16881
16904
16924
16940
16949
16952
16959
16961
16963
16968
16988
17021
17025
17035
17047
17068
17070
17070
17076
17128
17132
17136
17154
17160
17175
17177
17192
17200
17203
17205
17209
17212
17215
17222
17236
17238
17265
17269
17274
17286
17286
17288
17292
17294
17298
17316
17327
17330
17335
17337
17345
17348
17350
17351
17355
17361
17381
17384
17400
17420
17460
17472
17489
17492
17508
17511
17515
17516
17542
17560
17569
17572
17590
17593
17597
17610
17630
17635
17640
17648
17654
17657
17672
17680
17701
17713
17715
17717
17723
17738
17742
17747
17751
17772
17775
17775
17778
17784
17787
17808
17824
17835
17838
17838
17847
17855
17862
17884
17887
17891
17895
17915
17952
17954
17973
17983
17996
18004
18008
18024
18026
18044
18047
18060
18067
18069
18080
18092
18104
18119
18126
18131
18135
18142
18150
18152
18177
18194
18207
18228
18234
18237
18240
18246
18252
18254
18256
18265
18266
18269
18274
18295
18306
18309
18310
18315
18322
18326
18341
18351
18397
18425
18430
18437
18443
18472
18498
18498
18505
18507
18512
18518
18570
18571
18586
18596
18600
18602
18603
18612
18621
18631
18646
18659
18665
18666
18689
18695
18706
18722
18724
18734
18740
18741
18766
18770
18779
18787
18790
18796
18801
18821
18823
18847
18857
18869
18869
18876
18925
18960
18965
18968
19019
19029
19039
19042
19044
19044
19074
19077
19101
19108
19120
19125
19156
19162
19165
19185
19190
19197
19244
19252
19253
19262
19275
19277
19286
19293
19295
19306
19332
19334
19337
19355
19362
19365
19370
19376
19377
19378
19394
19395
19403
19418
19434
19445
19474
19477
19478
19483
19483
19486
19489
19492
19498
19506
19519
19525
19527
19543
19552
19558
19559
19570
19572
19600
19634
19637
19648
19657
19664
19694
19699
19709
19711
19711
19713
19719
19729
19733
19737
19739
19742
19749
19768
19771
19773
19782
19784
19795
19805
19832
19846
19848
19872
19876
19877
19884
19888
19909
19934
19934
19969
19985
20030
20034
20037
20055
20070
20072
20077
20078
20078
20101
20119
20129
20135
20172
20186
20191
20203
20215
20232
20233
20262
20264
20272
20276
20282
20288
20290
20304
20310
20319
20340
20347
20349
20350
20372
20389
20404
20408
20440
20443
20445
20451
20455
20458
20473
20474
20475
20490
20496
20510
20514
20515
20515
20518
20519
20557
20569
20578
20583
20587
20592
20617
20630
20643
20662
20669
20697
20743
20754
20761
20781
20847
20857
20874
20888
20888
20891
20908
20911
20913
20916
20921
20922
20931
20938
20938
20943
20959
20981
20992
20999
21002
21006
21010
21013
21025
21030
21036
21039
21050
21063
21076
21080
21081
21083
21090
21093
21093
21095
21103
21111
21121
21130
21147
21154
21168
21211
21224
21225
21232
21253
21257
21263
21303
21305
21310
21325
21329
21334
21335
21337
21360
21404
21411
21422
21466
21472
21473
21484
21491
21501
21508
21557
21565
21566
21567
21572
21594
21599
21604
21625
21633
21637
21639
21645
21646
21664
21688
21696
21699
21704
21704
21721
21733
21743
21747
21748
21766
21777
21793
21796
21831
21840
21851
21860
21872
21901
21909
21922
21929
21947
21961
21962
21978
22002
22007
22011
22014
22023
22028
22038
22052
22075
22116
22117
22126
22127
22133
22141
22144
22145
22177
22180
22183
22194
22203
22216
22236
22237
22238
22245
22255
22261
22265
22267
22273
22280
22296
22306
22349
22352
22357
22362
22366
22369
22375
22375
22392
22426
22432
22433
22434
22459
22468
22469
22473
22476
22492
22495
22496
22500
22507
22518
22529
22541
22567
22568
22576
22578
22584
22594
22601
22619
22628
22632
22634
22638
22638
22653
22663
22687
22692
22698
22702
22705
22708
22716
22717
22723
22729
22734
22748
22758
22760
22778
22798
22815
22820
22822
22833
22846
22851
22860
22864
22871
22888
22899
22916
22918
22924
22925
22984
23000
23001
23002
23013
23024
23033
23043
23055
23055
23058
23063
23072
23074
23081
23120
23135
23143
23148
23151
23175
23175
23193
23213
23217
23238
23240
23251
23272
23284
23293
23300
23302
23308
23311
23315
23330
23377
23392
23402
23412
23448
23452
23487
23509
23517
23526
23534
23535
23559
23568
23569
23570
23578
23591
23627
23634
23652
23663
23665
23667
23672
23699
23705
23706
23754
23765
23772
23794
23820
23824
23833
23857
23863
23876
23879
23903
23908
23920
23924
23924
23932
23947
23948
23949
23953
23953
23959
23965
23988
23988
23993
24015
24054
24065
24072
24092
24106
24112
24113
24117
24123
24153
24164
24178
24187
24198
24203
24205
24228
24240
24262
24270
24293
24340
24385
24414
24440
24442
24444
24446
24455
24474
24475
24483
24499
24513
24524
24527
24534
24545
24581
24583
24588
24598
24607
24608
24614
24619
24632
24637
24639
24650
24665
24665
24666
24667
24688
24698
24698
24701
24718
24725
24731
24741
24746
24754
24754
24758
24766
24772
24774
24774
24812
24822
24826
24829
24858
24866
24883
24899
24907
24931
24958
24970
24974
25017
25019
25020
25020
25036
25052
25064
25073
25082
25086
25087
25090
25092
25126
25132
25145
25152
25153
25156
25164
25165
25166
25182
25186
25200
25209
25209
25221
25250
25259
25260
25274
25288
25289
25293
25296
25301
25313
25316
25325
25328
25344
25362
25366
25367
25378
25402
25412
25415
25421
25423
25429
25443
25445
25457
25493
25493
25503
25504
25511
25546
25549
25551
25555
25557
25562
25565
25582
25588
25595
25626
25637
25683
25694
25694
25697
25698
25705
25708
25713
25730
25744
25788
25806
25812
25841
25851
25856
25861
25863
25875
25879
25889
25892
25894
25915
25919
25932
25955
25956
25960
25964
25975
25979
25985
25997
26003
26006
26010
26014
26017
26018
26022
26024
26025
26027
26033
26043
26052
26066
26071
26082
26082
26086
26104
26126
26133
26139
26150
26155
26158
26175
26178
26214
26218
26229
26234
26261
26283
26288
26289
26299
26318
26319
26320
26321
26326
26326
26352
26365
26375
26376
26386
26411
26428
26431
26447
26464
26470
26478
26479
26485
26488
26504
26513
26515
26544
26555
26570
26572
26594
26598
26604
26618
26618
26621
26651
26671
26687
26688
26690
26703
26705
26729
26729
26737
26739
26744
26746
26750
26766
26777
26797
26802
26806
26817
26818
26846
26862
26873
26890
26891
26900
26910
26918
26926
26929
26946
26967
26968
27000
27008
27020
27025
27027
27030
27040
27056
27079
27085
27088
27100
27105
27118
27137
27180
27197
27203
27209
27223
27245
27255
27255
27269
27273
27299
27303
27351
27355
27369
27369
27378
27389
27413
27438
27443
27446
27449
27456
27462
27492
27497
27505
27567
27573
27581
27600
27613
27614
27618
27619
27627
27628
27641
27642
27645
27656
27685
27686
27689
27694
27697
27700
27705
27708
27718
27719
27722
27723
27737
27739
27747
27756
27764
27764
27789
27820
27834
27849
27860
27861
27870
27877
27900
27908
27932
27934
27940
27951
27958
27962
27970
27975
27985
27992
28004
28019
28036
28046
28050
28050
28059
28064
28067
28068
28113
28115
28122
28122
28126
28126
28128
28134
28136
28137
28137
28141
28143
28150
28196
28210
28212
28216
28223
28235
28251
28277
28295
28296
28301
28306
28321
28324
28330
28361
28369
28380
28383
28384
28405
28410
28411
28413
28424
28427
28430
28433
28439
28445
28452
28454
28460
28477
28477
28497
28509
28541
28546
28559
28568
28579
28579
28611
28620
28620
28632
28640
28644
28667
28676
28698
28713
28714
28718
28723
28727
28730
28739
28742
28762
28774
28782
28785
28788
28791
28797
28801
28808
28815
28822
28852
28860
28864
28869
28884
28892
28905
28911
28920
28932
28935
28940
28958
28968
28975
28980
28995
28999
29002
29002
29007
29023
29025
29034
29037
29048
29055
29056
29088
29090
29098
29108
29113
29123
29130
29136
29145
29149
29154
29189
29209
29214
29219
29243
29243
29275
29290
29292
29306
29310
29310
29324
29326
29332
29333
29338
29342
29347
29350
29370
29389
29392
29407
29435
29438
29447
29463
29488
29499
29509
29532
29546
29557
29595
29599
29605
29614
29617
29617
29620
29627
29628
29634
29634
29645
29645
29648
29659
29666
29673
29706
29710
29719
29739
29756
29758
29777
29814
29816
29830
29835
29847
29851
29851
29856
29857
29860
29861
29878
29890
29899
29901
29903
29905
29919
29921
29928
29947
29958
29973
29976
29986
29987
30009
30016
30020
30033
30060
30062
30069
30080
30090
30105
30116
30122
30145
30174
30192
30200
30207
30207
30220
30225
30228
30228
30250
30261
30268
30292
30309
30309
30313
30347
30367
30368
30374
30380
30390
30401
30416
30428
30435
30440
30444
30444
30445
30449
30449
30451
30453
30470
30498
30504
30512
30512
30520
30540
30551
30554
30558
30560
30568
30581
30590
30604
30641
30651
30676
30678
30683
30684
30694
30696
30701
30705
30721
30731
30740
30748
30752
30764
30768
30775
30776
30799
30803
30809
30818
30842
30844
30845
30847
30850
30865
30871
30885
30886
30891
30906
30922
30947
30947
30949
30965
30971
30973
30988
30993
30999
30999
31007
31009
31016
31017
31027
31048
31052
31058
31061
31068
31068
31076
31093
31101
31113
31129
31138
31154
31163
31166
31176
31188
31190
31191
31194
31199
31201
31214
31224
31226
31247
31256
31266
31272
31283
31315
31317
31323
31327
31333
31349
31355
31365
31393
31404
31405
31413
31429
31433
31434
31438
31440
31445
31460
31467
31472
31472
31490
31496
31503
31507
31510
31515
31520
31541
31550
31580
31580
31580
31583
31585
31590
31617
31621
31636
31648
31667
31669
31671
31693
31695
31697
31702
31738
31749
31754
31769
31778
31783
31787
31797
31797
31846
31859
31865
31871
31879
31882
31908
31921
31935
31943
31946
31952
31956
31980
31983
31985
31989
31991
32005
32031
32038
32041
32065
32066
32068
32077
32078
32084
32093
32094
32103
32114
32114
32118
32119
32123
32127
32128
32129
32147
32152
32156
32157
32188
32208
32221
32222
32246
32250
32259
32271
32288
32290
32308
32313
32324
32325
32357
32359
32374
32387
32406
32407
32417
32431
32436
32446
32447
32449
32488
32501
32509
32527
32531
32532
32566
32579
32590
32603
32619
32625
32639
32662
32668
32685
32687
32692
32697
32721
32745
32756
32782
32803
32804
32817
32822
32823
32826
32829
32842
32853
32863
32870
32876
32904
32912
32916
32919
32922
32925
32926
32946
32955
32956
32969
32986
32998
33006
33010
33011
33013
33031
33041
33057
33085
33086
33101
33103
33112
33115
33123
33124
33134
33144
33149
33169
33172
33182
33186
33228
33231
33237
33243
33248
33260
33261
33273
33282
33289
33300
33303
33325
33338
33372
33374
33393
33399
33402
33412
33418
33425
33434
33434
33451
33455
33455
33456
33463
33485
33491
33502
33525
33533
33537
33538
33545
33547
33560
33575
33579
33594
33597
33604
33607
33626
33628
33629
33651
33657
33712
33720
33726
33728
33729
33745
33747
33763
33765
33780
33804
33810
33814
33825
33830
33847
33884
33920
33922
33932
33952
33954
33965
33992
34008
34011
34016
34038
34041
34051
34058
34078
34083
34085
34091
34099
34111
34125
34128
34131
34133
34142
34142
34150
34154
34165
34183
34185
34189
34202
34230
34238
34240
34252
34256
34264
34264
34277
34295
34306
34306
34309
34318
34325
34327
34331
34332
34333
34338
34349
34354
34359
34364
34371
34403
34407
34407
34420
34421
34433
34455
34456
34464
34467
34470
34487
34528
34531
34540
34551
34555
34558
34585
34587
34598
34602
34618
34627
34640
34641
34645
34649
34662
34667
34679
34713
34713
34715
34723
34725
34731
34734
34768
34770
34772
34775
34791
34805
34811
34813
34818
34822
34834
34871
34883
34886
34890
34891
34896
34901
34929
34942
34972
34989
35001
35003
35029
35035
35046
35060
35094
35097
35106
35111
35121
35144
35165
35180
35217
35227
35229
35234
35267
35295
35311
35341
35347
35351
35362
35372
35383
35403
35434
35435
35444
35470
35503
35508
35514
35518
35519
35525
35531
35536
35555
35556
35559
35571
35584
35612
35624
35627
35635
35642
35642
35680
35686
35686
35723
35725
35749
35752
35761
35794
35830
35831
35847
35848
35862
35870
35913
35914
35917
35920
35923
35927
35928
35935
35938
35940
35949
35953
35959
35961
35968
35980
36007
36013
36026
36030
36038
36040
36049
36059
36061
36062
36067
36093
36104
36114
36121
36122
36130
36130
36138
36140
36169
36175
36186
36197
36198
36199
36201
36202
36227
36240
36253
36267
36314
36329
36329
36345
36348
36354
36355
36361
36365
36391
36404
36409
36414
36423
36424
36429
36439
36447
36464
36476
36505
36510
36520
36525
36525
36528
36535
36539
36567
36569
36575
36578
36582
36583
36620
36628
36637
36644
36649
36675
36694
36700
36706
36719
36728
36730
36735
36737
36739
36743
36759
36760
36771
36774
36775
36784
36794
36795
36802
36812
36833
36866
36868
36879
36891
36896
36906
36930
36932
36943
36945
36946
36951
36966
36967
36986
36987
36996
37007
37017
37018
37031
37035
37064
37074
37075
37092
37101
37115
37119
37130
37156
37158
37174
37195
37207
37216
37267
37279
37280
37286
37299
37300
37303
37317
37328
37329
37331
37333
37340
37342
37354
37355
37363
37368
37369
37371
37372
37385
37388
37396
37411
37416
37421
37450
37452
37453
37461
37515
37542
37546
37546
37548
37554
37595
37596
37612
37644
37655
37661
37665
37686
37693
37694
37701
37702
37706
37719
37723
37726
37746
37748
37749
37750
37752
37754
37758
37759
37759
37768
37772
37783
37784
37786
37801
37805
37819
37837
37842
37845
37846
37865
37904
37906
37921
37922
37924
37937
38008
38022
38025
38042
38042
38048
38049
38062
38080
38089
38097
38119
38125
38145
38147
38158
38197
38200
38211
38215
38223
38232
38237
38261
38265
38282
38309
38323
38326
38331
38353
38355
38357
38366
38370
38372
38374
38387
38392
38400
38412
38420
38425
38432
38437
38437
38438
38449
38458
38462
38465
38469
38487
38487
38493
38496
38500
38515
38534
38535
38553
38563
38570
38589
38591
38597
38597
38609
38623
38637
38646
38652
38674
38683
38685
38698
38700
38704
38705
38718
38735
38746
38763
38766
38769
38783
38786
38799
38818
38826
38834
38856
38907
38911
38925
38929
38933
38971
38981
38983
38988
38989
38990
39007
39018
39030
39033
39042
39053
39058
39064
39083
39108
39113
39113
39113
39149
39168
39170
39174
39177
39185
39187
39189
39198
39199
39204
39204
39238
39240
39244
39253
39255
39279
39281
39304
39307
39312
39355
39366
39367
39367
39373
39404
39417
39430
39439
39441
39453
39462
39492
39498
39509
39530
39530
39530
39551
39558
39590
39597
39610
39628
39633
39654
39656
39665
39674
39684
39686
39697
39705
39709
39720
39723
39734
39740
39763
39780
39784
39786
39840
39860
39861
39866
39899
39901
39913
39913
39919
39919
39923
39924
39928
39934
39944
39944
39944
39948
39959
39966
39966
39977
39980
39981
39993
39994
40005
40034
40047
40048
40054
40070
40099
40099
40100
40133
40133
40159
40164
40179
40185
40207
40216
40218
40220
40223
40224
40259
40260
40276
40277
40296
40303
40303
40303
40303
40304
40305
40354
40362
40374
40377
40385
40387
40395
40411
40419
40438
40442
40470
40474
40477
40480
40492
40492
40494
40515
40527
40534
40544
40552
40597
40607
40611
40633
40633
40648
40690
40699
40704
40708
40717
40717
40720
40731
40740
40747
40761
40764
40766
40775
40780
40783
40786
40789
40791
40792
40794
40803
40807
40826
40839
40847
40852
40855
40858
40867
40887
40896
40902
40917
40938
40938
40944
40956
40956
40957
40969
40974
40978
40990
41000
41002
41004
41006
41008
41012
41024
41031
41040
41046
41056
41058
41112
41137
41148
41165
41175
41181
41195
41200
41208
41213
41232
41234
41236
41243
41264
41298
41305
41307
41312
41322
41337
41342
41345
41355
41363
41366
41373
41375
41392
41400
41407
41430
41445
41447
41500
41508
41514
41562
41580
41590
41603
41628
41666
41668
41679
41679
41691
41698
41708
41716
41765
41794
41808
41814
41836
41837
41838
41854
41882
41889
41890
41890
41892
41894
41920
41927
41932
41953
41953
41961
41966
41971
41980
41991
42001
42040
42045
42051
42063
42071
42076
42082
42086
42090
42102
42103
42123
42131
42139
42154
42167
42178
42198
42201
42205
42230
42249
42259
42270
42272
42295
42309
42312
42320
42325
42338
42355
42360
42370
42377
42384
42414
42415
42421
42437
42438
42458
42474
42478
42502
42504
42513
42524
42531
42532
42537
42573
42576
42583
42584
42590
42605
42611
42613
42615
42616
42621
42624
42624
42624
42625
42637
42639
42645
42653
42665
42682
42685
42687
42704
42721
42741
42763
42763
42776
42807
42817
42829
42836
42849
42887
42888
42899
42899
42901
42930
42938
42950
42971
42973
42978
43010
43052
43057
43085
43088
43088
43088
43104
43124
43139
43143
43165
43170
43175
43177
43184
43191
43212
43213
43213
43243
43246
43261
43300
43301
43301
43304
43305
43328
43329
43338
43339
43358
43363
43363
43381
43387
43398
43413
43415
43416
43436
43441
43445
43447
43456
43459
43484
43485
43498
43500
43501
43502
43522
43527
43537
43543
43546
43546
43562
43566
43582
43593
43612
43619
43630
43651
43651
43661
43664
43681
43700
43702
43705
43706
43707
43711
43721
43729
43742
43747
43750
43754
43770
43790
43804
43821
43824
43830
43845
43869
43894
43924
43932
43942
43944
43951
43952
43979
43984
43992
44008
44009
44015
44018
44023
44047
44051
44059
44076
44133
44140
44144
44146
44148
44167
44244
44246
44258
44270
44282
44297
44297
44305
44328
44329
44341
44348
44349
44380
44387
44391
44440
44471
44476
44476
44484
44496
44499
44504
44517
44521
44524
44525
44541
44541
44563
44570
44581
44583
44621
44628
44635
44638
44665
44666
44675
44678
44684
44710
44720
44723
44732
44734
44737
44760
44770
44781
44788
44793
44801
44812
44814
44841
44847
44850
44853
44857
44864
44872
44873
44875
44877
44882
44889
44907
44925
44930
44931
44955
44956
44960
44984
44990
45009
45035
45035
45039
45057
45063
45066
45074
45075
45075
45081
45097
45107
45121
45122
45124
45143
45146
45148
45170
45194
45199
45199
45203
45207
45212
45221
45222
45229
45236
45253
45267
45335
45341
45344
45347
45357
45375
45379
45386
45390
45395
45407
45411
45412
45440
45450
45487
45501
45505
45514
45523
45532
45545
45547
45551
45555
45561
45564
45578
45581
45581
45588
45594
45598
45603
45606
45612
45634
45643
45661
45661
45671
45671
45673
45693
45702
45724
45735
45743
45743
45747
45748
45752
45763
45794
45807
45812
45817
45818
45833
45840
45844
45847
45851
45856
45865
45888
45894
45900
45911
45929
45931
45940
45950
45950
45956
45957
45966
45969
45988
45992
46017
46031
46031
46034
46067
46078
46092
46111
46112
46123
46129
46130
46149
46172
46179
46197
46209
46212
46222
46228
46238
46238
46240
46267
46268
46274
46290
46293
46295
46296
46296
46306
46306
46321
46344
46349
46352
46355
46371
46379
46381
46392
46411
46412
46417
46425
46461
46479
46489
46497
46519
46541
46542
46545
46548
46595
46596
46600
46606
46618
46628
46630
46631
46641
46641
46679
46679
46697
46697
46700
46701
46701
46702
46719
46724
46726
46726
46728
46736
46748
46749
46761
46772
46778
46786
46797
46834
46837
46852
46858
46864
46864
46868
46876
46909
46910
46914
46917
46932
46942
46944
46947
46956
46959
46984
46994
46999
47007
47007
47023
47027
47046
47057
47069
47072
47077
47084
47084
47107
47110
47120
47126
47132
47133
47133
47144
47145
47156
47159
47162
47172
47178
47183
47192
47194
47201
47218
47238
47243
47282
47287
47301
47316
47321
47344
47361
47379
47379
47383
47384
47386
47397
47399
47403
47408
47423
47432
47435
47436
47456
47465
47474
47481
47491
47536
47536
47539
47543
47547
47559
47559
47561
47569
47572
47578
47593
47597
47606
47637
47642
47654
47655
47676
47680
47680
47683
47697
47701
47701
47701
47703
47703
47704
47712
47713
47717
47721
47727
47735
47739
47745
47746
47754
47772
47777
47779
47784
47793
47797
47797
47799
47828
47836
47839
47868
47878
47894
47894
47895
47902
47903
47909
47914
47914
47916
47917
47943
47957
47959
47960
47966
47987
47997
48015
48030
48035
48045
48056
48077
48096
48147
48147
48151
48166
48170
48171
48178
48178
48195
48196
48205
48220
48242
48265
48275
48292
48296
48317
48334
48348
48358
48367
48388
48389
48405
48412
48417
48427
48437
48441
48444
48457
48462
48471
48473
48476
48482
48494
48499
48518
48523
48539
48551
48557
48562
48568
48594
48605
48607
48613
48619
48621
48639
48639
48640
48652
48660
48672
48696
48708
48719
48731
48732
48751
48756
48765
48780
48791
48794
48796
48796
48833
48847
48848
48854
48855
48863
48877
48882
48893
48914
48938
48958
48965
48983
48986
48995
48995
49011
49011
49017
49018
49022
49029
49031
49045
49053
49068
49076
49124
49139
49144
49166
49187
49198
49200
49202
49220
49223
49225
49237
49240
49249
49250
49266
49281
49301
49306
49356
49372
49381
49400
49408
49415
49434
49460
49460
49479
49482
49484
49490
49516
49530
49547
49596
49597
49610
49615
49616
49625
49638
49649
49661
49666
49667
49672
49674
49678
49694
49698
49702
49712
49747
49747
49784
49794
49809
49810
49813
49814
49829
49836
49849
49850
49873
49883
49885
49890
49893
49894
49900
49906
49907
49920
49926
49931
49935
49944
49950
49955
49959
49961
49966
49967
49973
49982
49984
49990
49997
49998
