6
15
18
29
38
53
54
73
73
78
80
89
93
95
109
125
126
166
181
219
224
235
240
240
254
258
274
276
287
288
307
322
356
368
384
400
402
449
460
467
481
485
489
494
499
512
513
514
526
536
555
577
587
588
592
610
614
644
651
658
669
676
693
709
711
711
726
726
731
734
741
758
763
765
827
828
829
833
858
864
874
876
896
900
926
945
952
959
961
964
969
994
1014
1021
1038
1041
1053
1090
1094
1098
1103
1104
1113
1124
1127
1145
1147
1168
1168
1172
1185
1201
1207
1214
1218
1227
1234
1239
1255
1263
1271
1280
1296
1327
1333
1334
1347
1352
1359
1364
1386
1390
1393
1396
1405
1419
1429
1439
1443
1465
1472
1474
1479
1512
1517
1522
1530
1534
1539
1552
1564
1567
1572
1577
1580
1585
1593
1597
1599
1601
1617
1623
1624
1625
1626
1629
1654
1662
1668
1671
1682
1700
1708
1711
1734
1741
1751
1755
1769
1772
1775
1802
1821
1822
1832
1851
1855
1861
1866
1906
1917
1928
1948
1955
1969
1970
1975
1990
1999
2016
2041
2043
2045
2058
2069
2075
2081
2085
2090
2094
2095
2110
2114
2119
2123
2125
2130
2134
2145
2147
2153
2158
2161
2182
2185
2219
2227
2230
2241
2259
2277
2282
2290
2295
2303
2333
2334
2335
2342
2349
2355
2355
2357
2371
2389
2403
2404
2409
2411
2415
2428
2434
2442
2488
2510
2591
2601
2602
2608
2610
2618
2622
2632
2643
2666
2677
2682
2707
2716
2720
2731
2764
2767
2772
2776
2785
2818
2819
2829
2832
2834
2839
2862
2870
2877
2888
2895
2912
2929
2930
2941
2961
2961
2975
2980
2986
2987
3001
3021
3023
3027
3028
3030
3031
3056
3059
3074
3086
3093
3099
3104
3129
3132
3141
3157
3162
3163
3163
3168
3176
3197
3204
3210
3212
3219
3220
3240
3242
3256
3256
3275
3284
3300
3307
3320
3323
3323
3338
3360
3361
3362
3386
3394
3397
3399
3407
3421
3422
3444
3451
3455
3471
3494
3504
3508
3517
3519
3526
3528
3535
3543
3557
3559
3577
3594
3595
3611
3631
3640
3646
3669
3693
3694
3696
3702
3716
3721
3726
3728
3734
3748
3783
3784
3801
3811
3816
3833
3835
3842
3862
3868
3871
3912
3916
3927
3930
3965
3966
3981
3981
3984
4008
4016
4026
4033
4040
4040
4042
4055
4056
4057
4085
4088
4126
4144
4163
4163
4193
4199
4200
4208
4216
4222
4244
4261
4291
4299
4321
4323
4334
4345
4368
4381
4384
4384
4406
4422
4428
4428
4455
4455
4471
4478
4488
4489
4501
4514
4524
4532
4552
4581
4585
4597
4600
4604
4615
4657
4666
4675
4676
4676
4679
4699
4710
4720
4733
4736
4748
4749
4753
4754
4762
4783
4800
4803
4839
4842
4849
4865
4865
4882
4885
4892
4895
4902
4904
4931
4945
4958
4968
4968
4968
4969
4977
4990
5011
5022
5035
5041
5045
5065
5065
5066
5079
5085
5099
5125
5131
5133
5138
5140
5181
5184
5191
5193
5194
5206
5235
5237
5239
5245
5274
5310
5312
5319
5324
5336
5338
5351
5353
5363
5367
5393
5411
5418
5439
5448
5466
5467
5470
5471
5481
5486
5489
5522
5541
5542
5556
5589
5594
5612
5613
5620
5621
5621
5621
5630
5631
5631
5636
5647
5656
5671
5694
5704
5706
5707
5728
5731
5733
5751
5762
5764
5786
5796
5810
5813
5816
5825
5829
5833
5837
5839
5873
5881
5896
5916
5919
5921
5931
5940
5946
5960
5973
5973
5984
5986
6009
6012
6022
6026
6030
6032
6037
6050
6065
6066
6072
6082
6120
6121
6145
6154
6177
6183
6186
6191
6194
6216
6219
6235
6247
6251
6251
6255
6257
6260
6306
6325
6373
6386
6393
6409
6420
6425
6441
6444
6452
6456
6462
6471
6485
6488
6499
6502
6503
6512
6526
6531
6531
6532
6568
6577
6586
6596
6602
6611
6626
6649
6652
6658
6660
6662
6665
6725
6729
6734
6740
6767
6770
6776
6780
6784
6812
6823
6823
6828
6831
6864
6890
6900
6907
6913
6914
6920
6945
6949
6958
6968
6971
6976
6990
7006
7008
7010
7083
7097
7102
7117
7124
7141
7157
7163
7182
7183
7196
7200
7216
7219
7229
7238
7242
7247
7252
7310
7313
7320
7341
7344
7354
7375
7390
7392
7415
7429
7464
7491
7495
7496
7503
7505
7513
7521
7525
7525
7543
7554
7574
7586
7599
7599
7607
7609
7610
7616
7621
7638
7641
7645
7646
7669
7675
7685
7695
7727
7731
7741
7744
7751
7755
7758
7761
7779
7794
7794
7798
7820
7822
7826
7842
7861
7862
7866
7876
7884
7917
7919
7931
7934
7943
7982
7999
8002
8016
8021
8030
8043
8048
8064
8071
8073
8092
8117
8125
8126
8142
8148
8154
8169
8169
8193
8193
8200
8212
8213
8213
8219
8224
8243
8244
8244
8254
8258
8264
8266
8276
8280
8289
8303
8307
8317
8319
8325
8342
8344
8352
8353
8354
8374
8375
8402
8414
8416
8431
8435
8448
8461
8491
8492
8508
8516
8520
8558
8567
8592
8595
8603
8622
8637
8638
8642
8645
8654
8660
8667
8669
8683
8697
8697
8721
8735
8737
8743
8748
8756
8759
8768
8773
8829
8832
8838
8839
8847
8864
8879
8918
8946
8953
8959
8959
9019
9023
9033
9044
9045
9046
9059
9088
9149
9156
9162
9165
9167
9171
9173
9187
9209
9212
9214
9245
9250
9255
9291
9310
9322
9323
9325
9333
9333
9334
9341
9344
9350
9356
9362
9382
9391
9402
9428
9437
9439
9441
9455
9457
9463
9490
9492
9506
9507
9510
9522
9534
9536
9540
9542
9549
9560
9577
9585
9630
9642
9658
9676
9676
9684
9686
9687
9702
9740
9746
9757
9759
9774
9783
9792
9796
9812
9812
9815
9818
9830
9835
9859
9864
9875
9877
9890
9893
9896
9900
9900
9928
9930
9945
9946
9946
9961
9966
10015
10042
10043
10065
10074
10074
10077
10078
10088
10095
10097
10099
10103
10104
10137
10154
10155
10167
10168
10175
10178
10186
10201
10203
10203
10241
10258
10265
10284
10299
10306
10326
10330
10341
10345
10347
10388
10392
10401
10405
10407
10413
10414
10432
10456
10457
10457
10459
10465
10474
10489
10491
10497
10502
10506
10526
10530
10531
10534
10543
10579
10580
10588
10601
10624
10640
10657
10683
10699
10715
10720
10723
10774
10779
10782
10804
10826
10845
10849
10852
10878
10882
10909
10915
10931
10932
10937
10939
10944
10946
10958
10963
10972
10990
10996
11011
11039
11042
11050
11056
11060
11063
11067
11081
11102
11107
11110
11132
11143
11148
11158
11197
11206
11206
11209
11220
11224
11229
11229
11234
11238
11239
11248
11253
11261
11283
11286
11288
11292
11293
11295
11318
11320
11321
11322
11323
11343
11355
11371
11373
11380
11400
11404
11410
11411
11433
11436
11479
11480
11483
11490
11496
11508
11515
11553
11562
11567
11579
11583
11597
11598
11606
11610
11617
11639
11640
11645
11660
11663
11682
11692
11705
11706
11722
11729
11729
11739
11748
11764
11766
11782
11784
11788
11799
11803
11810
11827
11827
11830
11836
11846
11848
11848
11850
11864
11871
11877
11885
11892
11902
11922
11923
11928
11944
11947
11957
11959
11967
11999
12005
12014
12040
12041
12045
12047
12048
12057
12064
12066
12091
12113
12114
12118
12123
12130
12137
12138
12156
12158
12172
12191
12211
12213
12238
12242
12244
12248
12257
12287
12295
12301
12306
12307
12310
12322
12327
12332
12337
12340
12346
12375
12384
12399
12403
12421
12423
12426
12450
12452
12465
12482
12498
12519
12564
12575
12578
12579
12579
12581
12589
12604
12605
12617
12636
12644
12646
12653
12657
12659
12664
12665
12669
12670
12670
12676
12678
12689
12701
12708
12721
12734
12740
12744
12761
12772
12775
12778
12780
12813
12815
12823
12827
12837
12844
12857
12866
12873
12896
12906
12909
12915
12927
12948
12958
12961
12966
12996
13006
13007
13012
13016
13030
13033
13038
13043
13045
13053
13068
13070
13075
13081
13082
13094
13099
13104
13105
13107
13109
13114
13131
13159
13169
13175
13179
13188
13193
13198
13209
13211
13224
13241
13243
13245
13246
13250
13251
13257
13285
13294
13306
13307
13312
13315
13323
13324
13333
13336
13337
13361
13364
13373
13390
13393
13399
13406
13422
13429
13468
13469
13470
13483
13508
13549
13551
13564
13585
13595
13596
13604
13636
13643
13652
13661
13676
13687
13699
13699
13717
13734
13744
13751
13758
13786
13813
13828
13841
13846
13852
13859
13861
13862
13872
13875
13887
13888
13889
13914
13924
13926
13948
13954
13954
13977
13984
14015
14024
14033
14040
14041
14076
14097
14113
14117
14138
14153
14157
14161
14162
14167
14175
14177
14178
14183
14187
14211
14217
14230
14232
14255
14259
14273
14274
14284
14290
14302
14303
14319
14327
14334
14346
14358
14374
14399
14405
14408
14430
14443
14444
14464
14468
14481
14492
14492
14492
14542
14542
14551
14551
14563
14566
14574
14582
14610
14625
14639
14639
14644
14675
14684
14706
14710
14710
14711
14745
14767
14771
14781
14788
14825
14831
14834
14837
14853
14876
14881
14882
14886
14893
14902
14902
14910
14922
14931
14945
14960
14967
14982
14988
14999
15022
15023
15026
15031
15039
15043
15059
15060
15075
15115
15131
15148
15162
15165
15167
15208
15210
15218
15228
15231
15242
15262
15267
15273
15275
15277
15289
15297
15322
15341
15344
15346
15347
15383
15395
15405
15428
15429
15431
15484
15495
15505
15513
15518
15527
15533
15541
15541
15543
15548
15562
15562
15580
15588
15598
15598
15600
15608
15622
15626
15627
15676
15679
15698
15708
15759
15760
15771
15789
15800
15800
15804
15818
15820
15825
15832
15836
15837
15841
15842
15848
15850
15858
15864
15868
15868
15877
15880
15881
15891
15902
15903
15903
15907
15910
15929
15932
15941
15968
15980
15991
16003
16005
16026
16046
16053
16070
16074
16094
16098
16118
16120
16122
16123
16126
16130
16141
16149
16155
16156
16158
16171
16214
16221
16248
16253
16262
16273
16282
16303
16310
16324
16324
16331
16339
16355
16384
16389
16395
16417
16444
16447
16471
16488
16509
16510
16520
16525
16530
16563
16573
16573
16577
16587
16588
16596
16598
16604
16604
16649
16659
16661
16681
16681
16687
16688
16702
16703
16718
16720
16727
16746
16750
16787
16791
16822
16866
16867
16876
16880
16895
16898
16906
16946
16947
16968
16969
17012
17013
17025
17030
17069
17084
17088
17089
17093
17093
17116
17120
17146
17172
17176
17189
17195
17221
17236
17246
17263
17268
17281
17282
17289
17306
17327
17341
17354
17358
17373
17375
17377
17382
17406
17416
17430
17443
17448
17452
17465
17466
17494
17497
17503
17512
17514
17514
17518
17520
17526
17534
17542
17546
17547
17551
17555
17573
17582
17588
17603
17621
17627
17634
17657
17662
17667
17669
17670
17677
17684
17697
17713
17717
17718
17720
17755
17784
17786
17805
17808
17811
17819
17851
17855
17878
17879
17882
17917
17920
17930
17933
17939
17940
17945
17946
17954
17964
17964
17973
17985
17988
17992
18001
18005
18009
18032
18045
18050
18066
18068
18098
18113
18120
18124
18126
18167
18195
18200
18228
18282
18304
18333
18337
18347
18377
18384
18392
18394
18399
18401
18407
18414
18420
18470
18474
18474
18497
18511
18521
18534
18539
18543
18546
18550
18593
18597
18597
18609
18632
18637
18639
18652
18668
18672
18678
18683
18698
18702
18709
18714
18740
18744
18761
18767
18771
18772
18782
18788
18791
18792
18795
18796
18812
18812
18819
18838
18849
18852
18853
18855
18863
18872
18878
18881
18893
18897
18907
18910
18916
18936
18937
18940
18941
18942
18953
18967
18980
18988
19017
19020
19052
19054
19064
19072
19082
19083
19086
19092
19099
19099
19107
19112
19115
19142
19149
19154
19169
19173
19190
19195
19205
19218
19225
19235
19244
19244
19247
19249
19252
19252
19252
19263
19264
19268
19280
19295
19298
19307
19310
19318
19319
19320
19334
19340
19347
19354
19355
19359
19363
19371
19382
19389
19389
19397
19446
19454
19463
19468
19478
19494
19497
19516
19519
19519
19542
19542
19545
19557
19573
19574
19599
19614
19619
19637
19654
19663
19668
19679
19683
19701
19706
19730
19758
19759
19774
19779
19793
19796
19800
19819
19820
19825
19826
19852
19878
19898
19899
19907
19908
19964
19973
19974
19976
19976
19985
19986
20005
20047
20049
20069
20079
20117
20120
20120
20146
20156
20158
20203
20207
20233
20247
20278
20282
20285
20305
20305
20341
20342
20354
20363
20377
20385
20392
20408
20410
20423
20428
20434
20459
20463
20472
20492
20498
20512
20519
20539
20554
20557
20561
20590
20596
20605
20636
20639
20654
20667
20667
20689
20692
20697
20704
20706
20743
20746
20750
20779
20784
20787
20810
20813
20814
20822
20838
20867
20889
20898
20901
20904
20913
20940
20957
20963
20965
20990
21004
21012
21038
21043
21046
21050
21065
21074
21079
21098
21100
21123
21146
21182
21186
21200
21204
21208
21213
21221
21222
21246
21247
21250
21267
21279
21296
21300
21316
21318
21322
21323
21334
21338
21349
21357
21370
21371
21378
21394
21410
21410
21414
21431
21433
21437
21452
21454
21455
21462
21469
21470
21474
21475
21488
21495
21498
21505
21513
21541
21560
21560
21573
21590
21603
21603
21605
21609
21619
21647
21669
21672
21690
21691
21697
21714
21735
21753
21755
21763
21767
21777
21785
21786
21797
21803
21807
21809
21819
21835
21842
21845
21869
21875
21875
21875
21878
21895
21906
21914
21916
21926
21932
21933
21945
21947
21964
21974
21983
21985
21992
22002
22007
22009
22015
22017
22024
22028
22029
22072
22074
22094
22095
22124
22124
22126
22134
22156
22179
22190
22198
22198
22214
22214
22215
22227
22243
22244
22255
22258
22264
22285
22289
22298
22304
22305
22314
22369
22370
22374
22377
22391
22393
22397
22401
22406
22418
22427
22434
22442
22450
22472
22487
22521
22530
22531
22547
22558
22559
22573
22593
22609
22618
22621
22637
22643
22645
22650
22651
22655
22683
22686
22692
22705
22706
22706
22709
22716
22728
22732
22738
22748
22759
22764
22764
22768
22775
22783
22791
22793
22793
22798
22806
22807
22808
22811
22814
22832
22835
22835
22839
22839
22859
22881
22890
22897
22939
22965
22972
22975
22978
22986
22995
23000
23000
23011
23014
23042
23047
23052
23063
23097
23102
23111
23114
23121
23123
23141
23144
23156
23172
23203
23212
23224
23238
23248
23255
23260
23279
23281
23282
23289
23289
23291
23328
23332
23338
23339
23344
23351
23356
23367
23368
23371
23374
23378
23404
23421
23424
23430
23440
23452
23454
23472
23479
23482
23500
23526
23539
23541
23542
23573
23578
23581
23590
23594
23597
23602
23606
23610
23636
23646
23648
23650
23662
23669
23673
23688
23691
23708
23729
23738
23741
23741
23744
23748
23750
23755
23771
23773
23778
23817
23832
23863
23865
23866
23867
23868
23888
23890
23911
23915
23931
23931
23946
23960
23975
23979
23997
24042
24055
24058
24060
24076
24090
24112
24113
24117
24131
24133
24139
24144
24149
24170
24178
24197
24227
24247
24258
24258
24265
24276
24307
24311
24312
24333
24357
24370
24407
24409
24412
24419
24420
24421
24426
24426
24427
24433
24439
24448
24451
24458
24470
24496
24511
24517
24519
24531
24533
24554
24556
24566
24572
24575
24582
24593
24606
24607
24618
24636
24636
24639
24640
24650
24657
24669
24674
24679
24690
24692
24695
24705
24728
24741
24748
24751
24768
24772
24774
24794
24806
24819
24821
24837
24852
24856
24856
24860
24874
24883
24888
24900
24910
24911
24912
24913
24923
24935
24943
24946
24989
25015
25022
25025
25029
25040
25045
25059
25075
25077
25083
25095
25107
25110
25114
25121
25136
25145
25152
25172
25176
25187
25207
25221
25235
25252
25268
25268
25271
25272
25274
25291
25302
25306
25311
25315
25320
25369
25371
25380
25382
25400
25404
25414
25439
25442
25444
25444
25445
25455
25464
25465
25488
25510
25515
25520
25532
25540
25549
25555
25562
25562
25571
25574
25581
25599
25599
25600
25644
25658
25663
25665
25686
25714
25720
25724
25738
25752
25756
25794
25806
25812
25813
25816
25817
25818
25822
25829
25832
25835
25842
25854
25861
25866
25869
25876
25891
25896
25906
25911
25918
25928
25934
25945
25951
25958
25964
25968
25978
25979
25987
25988
25994
25994
26020
26025
26027
26028
26048
26049
26065
26068
26069
26074
26088
26121
26136
26140
26184
26189
26196
26198
26210
26227
26238
26242
26247
26270
26276
26292
26311
26335
26341
26344
26348
26369
26387
26388
26397
26405
26406
26413
26414
26433
26464
26486
26498
26509
26524
26527
26528
26547
26556
26568
26573
26575
26577
26582
26590
26635
26637
26641
26648
26659
26663
26663
26671
26695
26698
26708
26711
26716
26724
26738
26742
26800
26815
26829
26833
26839
26849
26857
26859
26863
26864
26894
26894
26898
26902
26921
26926
26933
26951
26967
26972
26991
27002
27004
27020
27025
27040
27042
27063
27074
27077
27078
27081
27113
27114
27115
27115
27120
27165
27169
27173
27179
27180
27180
27181
27183
27191
27194
27223
27230
27238
27239
27242
27247
27248
27265
27267
27288
27297
27313
27321
27326
27356
27372
27379
27380
27389
27401
27413
27427
27446
27446
27460
27470
27480
27487
27492
27499
27502
27511
27517
27537
27546
27563
27571
27571
27579
27580
27583
27585
27598
27620
27625
27626
27633
27642
27662
27670
27705
27719
27724
27747
27752
27753
27758
27782
27783
27788
27799
27802
27809
27818
27818
27833
27844
27849
27855
27856
27874
27884
27893
27897
27899
27903
27909
27938
27966
27973
27989
28007
28018
28060
28061
28067
28073
28086
28091
28112
28115
28118
28136
28147
28151
28155
28155
28222
28232
28259
28286
28294
28302
28310
28336
28340
28352
28363
28381
28388
28409
28415
28424
28432
28441
28448
28472
28481
28495
28500
28526
28530
28535
28543
28576
28596
28599
28609
28611
28613
28633
28633
28638
28659
28691
28691
28696
28700
28705
28706
28710
28713
28715
28732
28734
28747
28758
28766
28775
28783
28790
28792
28794
28796
28804
28831
28833
28834
28854
28854
28879
28883
28887
28903
28944
28948
28997
29022
29022
29027
29031
29032
29032
29032
29049
29054
29058
29086
29093
29102
29116
29125
29127
29128
29131
29136
29145
29151
29160
29182
29184
29185
29186
29211
29213
29228
29288
29290
29293
29298
29307
29309
29316
29328
29333
29334
29376
29382
29395
29405
29419
29454
29469
29498
29511
29511
29524
29526
29533
29542
29554
29566
29576
29579
29619
29623
29638
29673
29674
29679
29683
29695
29700
29716
29717
29721
29725
29734
29742
29761
29766
29776
29799
29804
29808
29815
29819
29819
29819
29824
29826
29829
29831
29840
29849
29852
29863
29874
29879
29887
29898
29909
29918
29926
29932
29963
29984
29985
29986
29989
29990
30003
30025
30028
30030
30033
30035
30056
30061
30085
30095
30121
30127
30147
30159
30159
30182
30184
30194
30198
30202
30202
30211
30215
30221
30226
30226
30227
30241
30245
30264
30294
30315
30328
30330
30341
30351
30354
30380
30397
30397
30409
30415
30415
30439
30446
30449
30457
30458
30467
30521
30524
30548
30552
30555
30580
30587
30589
30605
30608
30614
30632
30634
30635
30638
30656
30661
30664
30667
30681
30685
30693
30717
30720
30732
30792
30814
30829
30841
30842
30849
30852
30863
30880
30892
30893
30909
30916
30924
30926
30933
30947
30948
30963
30969
30974
30987
30987
30991
30993
30997
31000
31022
31041
31052
31056
31056
31059
31070
31076
31079
31081
31108
31114
31118
31123
31142
31153
31155
31166
31182
31198
31213
31215
31223
31225
31228
31229
31237
31255
31256
31258
31272
31281
31284
31284
31292
31307
31316
31319
31329
31335
31341
31353
31361
31377
31392
31439
31442
31471
31492
31501
31505
31537
31554
31561
31571
31584
31592
31595
31609
31611
31621
31633
31635
31652
31677
31684
31689
31695
31698
31721
31744
31760
31768
31772
31786
31796
31802
31805
31812
31817
31829
31835
31839
31849
31855
31858
31861
31862
31868
31871
31880
31888
31893
31893
31895
31895
31901
31907
31909
31910
31919
31936
31946
31949
31959
31959
31967
31967
31968
31980
31980
32000
32001
32004
32013
32021
32022
32030
32044
32053
32058
32084
32090
32094
32096
32116
32136
32141
32147
32151
32165
32170
32175
32206
32210
32212
32213
32222
32228
32228
32240
32258
32263
32265
32265
32324
32333
32346
32358
32388
32397
32417
32425
32435
32447
32450
32457
32460
32460
32473
32484
32488
32496
32528
32536
32542
32548
32587
32604
32636
32641
32650
32708
32710
32744
32747
32762
32762
32764
32780
32800
32808
32812
32820
32822
32827
32852
32865
32866
32873
32879
32885
32890
32896
32913
32916
32929
32939
32943
32943
32950
32954
32958
32960
32973
33004
33036
33048
33056
33058
33064
33071
33077
33085
33085
33088
33101
33101
33101
33106
33130
33141
33146
33169
33211
33220
33232
33233
33239
33262
33292
33304
33319
33329
33336
33355
33358
33380
33384
33394
33404
33435
33437
33445
33447
33463
33474
33495
33512
33539
33540
33542
33556
33560
33568
33577
33578
33581
33586
33591
33595
33603
33604
33622
33664
33665
33667
33670
33673
33676
33685
33685
33688
33698
33738
33776
33777
33777
33793
33818
33837
33862
33867
33869
33871
33876
33876
33884
33889
33895
33946
33948
33968
33982
33983
33983
33996
34018
34026
34031
34048
34072
34078
34086
34098
34107
34119
34130
34132
34140
34141
34150
34155
34165
34170
34176
34192
34201
34207
34213
34215
34226
34239
34248
34293
34296
34304
34305
34338
34340
34343
34365
34370
34375
34376
34391
34397
34401
34404
34414
34415
34424
34425
34428
34451
34463
34489
34500
34506
34512
34519
34526
34544
34552
34559
34559
34560
34568
34579
34581
34582
34636
34641
34645
34657
34668
34690
34696
34704
34707
34709
34715
34720
34722
34742
34744
34782
34795
34798
34804
34808
34821
34834
34835
34836
34849
34852
34866
34868
34876
34879
34886
34890
34891
34904
34920
34922
34944
34960
34979
34982
34982
35010
35032
35058
35080
35097
35099
35105
35108
35121
35131
35138
35139
35143
35144
35156
35160
35165
35166
35167
35184
35186
35194
35196
35237
35240
35250
35257
35264
35272
35280
35298
35303
35309
35325
35332
35359
35362
35364
35372
35388
35388
35393
35399
35402
35410
35421
35431
35435
35443
35457
35472
35491
35495
35495
35498
35522
35531
35538
35546
35550
35565
35595
35599
35607
35630
35634
35664
35670
35670
35673
35673
35677
35691
35693
35696
35700
35703
35725
35727
35734
35741
35776
35781
35782
35793
35804
35818
35822
35825
35862
35877
35904
35914
35916
35924
35933
35943
35944
35958
35960
35961
35963
35964
35967
35968
35981
35981
35991
35994
35995
36043
36045
36049
36072
36092
36099
36100
36107
36110
36128
36149
36154
36165
36167
36180
36181
36197
36200
36208
36208
36213
36216
36243
36244
36273
36278
36284
36300
36330
36340
36359
36398
36410
36410
36420
36430
36470
36496
36503
36507
36520
36520
36527
36539
36567
36594
36596
36606
36616
36621
36629
36633
36640
36663
36681
36708
36715
36715
36723
36725
36728
36735
36739
36740
36740
36783
36787
36804
36813
36816
36817
36817
36844
36847
36856
36874
36876
36902
36905
36914
36919
36922
36936
36939
36969
36972
36992
36996
36996
37015
37025
37057
37090
37096
37097
37130
37132
37150
37153
37163
37165
37186
37189
37190
37191
37192
37202
37206
37213
37214
37231
37266
37269
37281
37291
37297
37299
37318
37323
37326
37329
37334
37334
37341
37376
37420
37430
37446
37446
37478
37513
37525
37532
37547
37552
37555
37556
37557
37569
37585
37588
37595
37610
37611
37619
37631
37665
37674
37719
37720
37722
37748
37749
37755
37758
37771
37773
37776
37801
37805
37824
37824
37828
37832
37836
37837
37849
37906
37906
37909
37911
37933
37933
37943
37949
37955
37972
37992
38001
38014
38015
38032
38051
38055
38076
38082
38082
38110
38117
38126
38127
38134
38141
38158
38159
38161
38165
38173
38178
38184
38204
38211
38213
38216
38219
38232
38244
38245
38274
38277
38281
38299
38306
38310
38314
38316
38330
38340
38384
38387
38392
38394
38397
38403
38407
38407
38420
38425
38426
38447
38450
38467
38470
38488
38505
38526
38532
38536
38588
38594
38612
38616
38616
38621
38622
38630
38633
38634
38649
38652
38664
38667
38667
38686
38687
38687
38690
38697
38700
38702
38713
38715
38720
38721
38724
38741
38747
38750
38764
38770
38773
38783
38789
38798
38804
38811
38814
38823
38825
38826
38836
38848
38852
38854
38862
38866
38882
38885
38913
38942
38942
38947
38964
38966
38972
38985
38994
38995
38999
39011
39029
39037
39039
39040
39060
39060
39064
39082
39093
39105
39108
39130
39163
39164
39182
39182
39186
39192
39194
39195
39196
39197
39219
39220
39221
39243
39257
39257
39261
39306
39313
39316
39318
39333
39343
39348
39362
39365
39372
39387
39398
39413
39416
39420
39423
39431
39434
39434
39435
39438
39441
39442
39456
39456
39457
39465
39471
39475
39479
39495
39497
39514
39516
39538
39555
39562
39570
39576
39596
39614
39630
39630
39643
39645
39651
39652
39665
39691
39703
39707
39709
39723
39727
39780
39788
39791
39795
39798
39812
39817
39845
39850
39866
39866
39867
39868
39881
39890
39891
39894
39901
39944
39969
39991
40039
40066
40072
40073
40105
40108
40127
40131
40134
40147
40147
40151
40153
40155
40155
40162
40168
40187
40188
40189
40192
40236
40265
40278
40283
40284
40292
40296
40307
40316
40317
40326
40329
40358
40363
40381
40405
40405
40406
40426
40426
40428
40432
40449
40452
40464
40474
40506
40507
40512
40535
40570
40573
40594
40611
40613
40627
40686
40688
40690
40718
40734
40736
40744
40750
40806
40814
40840
40842
40845
40846
40852
40861
40877
40882
40894
40901
40922
40945
40949
40949
40951
40956
40964
40993
40994
41002
41010
41035
41038
41040
41048
41048
41051
41062
41077
41081
41089
41102
41110
41119
41120
41122
41162
41169
41173
41201
41201
41202
41209
41209
41212
41219
41221
41224
41244
41255
41269
41286
41287
41294
41300
41307
41307
41309
41310
41323
41323
41348
41404
41406
41407
41420
41422
41423
41425
41433
41446
41465
41466
41473
41475
41478
41492
41501
41508
41510
41513
41523
41537
41562
41565
41575
41580
41592
41604
41616
41642
41648
41655
41663
41672
41678
41681
41686
41694
41698
41727
41750
41754
41755
41761
41766
41778
41796
41843
41843
41859
41878
41899
41918
41925
41948
41960
41972
41977
41994
42002
42008
42014
42031
42047
42058
42065
42070
42086
42088
42095
42101
42104
42115
42122
42153
42160
42166
42172
42173
42175
42187
42196
42199
42205
42218
42225
42228
42229
42244
42245
42248
42272
42281
42287
42290
42298
42302
42335
42344
42346
42354
42357
42367
42367
42390
42425
42435
42435
42436
42438
42454
42462
42481
42499
42504
42510
42518
42522
42522
42523
42528
42545
42547
42567
42573
42580
42585
42590
42612
42614
42663
42666
42666
42699
42710
42720
42721
42726
42728
42733
42736
42737
42751
42751
42767
42772
42788
42796
42800
42821
42821
42825
42827
42859
42861
42873
42899
42901
42917
42941
42964
42964
42984
42990
42997
43017
43021
43022
43025
43038
43038
43039
43049
43083
43119
43134
43161
43193
43207
43215
43222
43227
43253
43256
43259
43261
43278
43279
43307
43311
43316
43318
43329
43340
43357
43366
43383
43398
43410
43455
43463
43470
43474
43491
43523
43523
43546
43578
43589
43618
43624
43636
43677
43689
43691
43712
43713
43727
43730
43737
43758
43765
43775
43781
43787
43799
43805
43813
43814
43824
43879
43900
43907
43910
43912
43940
43951
43958
43962
43974
43976
43987
43987
43988
44027
44028
44029
44039
44045
44056
44060
44067
44086
44087
44089
44113
44114
44115
44121
44122
44130
44151
44153
44159
44161
44186
44192
44216
44217
44227
44244
44261
44269
44293
44316
44323
44335
44383
44387
44399
44403
44410
44416
44422
44426
44450
44458
44529
44536
44553
44557
44564
44596
44605
44611
44614
44626
44628
44636
44645
44655
44661
44664
44681
44687
44694
44697
44700
44702
44703
44705
44707
44719
44721
44731
44734
44738
44743
44767
44769
44770
44786
44787
44792
44811
44819
44829
44831
44840
44844
44864
44878
44898
44909
44911
44924
44924
44932
44933
44938
44947
44955
44955
44961
44970
44975
44986
44994
45000
45005
45009
45020
45028
45038
45068
45078
45090
45108
45122
45127
45197
45226
45229
45229
45238
45247
45253
45261
45262
45281
45290
45293
45307
45316
45319
45320
45326
45339
45343
45355
45370
45370
45373
45376
45378
45390
45394
45409
45420
45431
45432
45450
45455
45474
45486
45509
45534
45556
45566
45566
45576
45578
45582
45589
45591
45592
45610
45625
45635
45648
45661
45684
45704
45705
45727
45739
45741
45743
45761
45763
45764
45772
45778
45802
45806
45817
45817
45818
45827
45839
45840
45851
45864
45886
45899
45905
45906
45912
45915
45919
45920
45922
45932
45941
45945
45951
45976
45979
45980
45992
45995
45996
46013
46013
46030
46043
46054
46061
46069
46070
46078
46091
46114
46119
46120
46121
46143
46145
46184
46203
46220
46231
46243
46259
46269
46282
46286
46291
46317
46329
46334
46335
46339
46375
46379
46392
46404
46420
46429
46459
46471
46472
46502
46529
46567
46578
46580
46594
46595
46606
46608
46644
46646
46656
46679
46684
46684
46693
46703
46704
46705
46706
46714
46715
46722
46726
46733
46745
46747
46748
46753
46759
46759
46764
46783
46788
46806
46813
46820
46827
46834
46851
46852
46852
46862
46868
46868
46869
46873
46874
46875
46898
46903
46910
46912
46914
46919
46959
46972
47000
47001
47032
47036
47038
47039
47046
47056
47065
47069
47081
47084
47086
47091
47094
47096
47112
47125
47142
47152
47157
47161
47167
47187
47191
47196
47198
47216
47236
47255
47263
47263
47268
47272
47272
47278
47308
47317
47321
47329
47334
47339
47344
47349
47356
47367
47369
47369
47374
47377
47385
47388
47389
47393
47395
47432
47455
47464
47469
47470
47470
47470
47479
47480
47499
47503
47510
47515
47526
47530
47543
47561
47569
47574
47636
47644
47645
47649
47655
47658
47659
47675
47679
47694
47699
47701
47701
47702
47731
47732
47735
47740
47747
47753
47784
47792
47794
47817
47836
47841
47842
47849
47857
47864
47872
47899
47914
47932
47935
47938
47941
47942
47950
47967
47988
47988
47989
48000
48005
48026
48028
48034
48067
48068
48074
48085
48086
48103
48109
48119
48129
48139
48148
48149
48151
48153
48155
48167
48178
48185
48186
48187
48205
48228
48250
48254
48268
48295
48296
48299
48305
48307
48307
48314
48318
48319
48320
48321
48327
48331
48345
48358
48375
48376
48384
48391
48394
48394
48395
48415
48419
48423
48443
48445
48462
48465
48470
48488
48495
48500
48510
48519
48523
48524
48529
48533
48536
48594
48596
48614
48636
48636
48639
48642
48644
48672
48673
48676
48684
48685
48701
48706
48729
48741
48747
48754
48772
48781
48814
48824
48853
48869
48877
48878
48883
48903
48903
48904
48914
48919
48921
48925
48933
48934
48942
48962
48973
48982
49001
49005
49022
49029
49065
49066
49069
49069
49072
49072
49077
49089
49104
49106
49122
49147
49157
49167
49179
49197
49204
49209
49219
49221
49230
49234
49237
49246
49250
49275
49287
49316
49334
49342
49347
49349
49349
49377
49380
49412
49414
49435
49447
49465
49469
49474
49477
49495
49497
49500
49504
49517
49519
49531
49549
49573
49577
49584
49585
49598
49612
49616
49624
49644
49651
49660
49690
49692
49703
49751
49760
49764
49794
49800
49813
49820
49825
49828
49830
49834
49905
49915
49921
49933
49951
49958
49960
49961
49978
49981
49990
50007
50007
50012
50037
50041
50052
50064
50073
50079
50085
50102
50159
50162
50163
50165
50165
50176
50179
50186
50195
50197
50199
50208
50222
50229
50245
50248
50255
50279
50309
50330
50359
50379
50419
50421
50425
50425
50430
50431
50432
50459
50466
50467
50470
50472
50502
50506
50506
50508
50519
50531
50534
50572
50573
50574
50592
50605
50609
50610
50625
50627
50640
50657
50672
50673
50678
50680
50685
50687
50694
50743
50744
50761
50761
50773
50791
50816
50821
50821
50841
50845
50859
50869
50879
50880
50899
50909
50918
50945
50951
51000
51010
51037
51042
51057
51059
51071
51089
51105
51119
51147
51157
51164
51166
51176
51177
51200
51202
51209
51237
51242
51252
51266
51268
51269
51283
51289
51305
51308
51310
51316
51337
51341
51367
51377
51379
51381
51381
51393
51414
51417
51430
51458
51463
51468
51521
51529
51539
51547
51552
51575
51589
51602
51610
51638
51645
51647
51664
51670
51676
51676
51691
51703
51718
51730
51753
51754
51766
51790
51812
51852
51855
51858
51863
51865
51877
51877
51911
51920
51921
51927
51939
51940
51948
51954
51959
51962
51983
51988
52003
52004
52010
52021
52047
52050
52053
52058
52070
52077
52092
52104
52113
52119
52128
52129
52138
52148
52184
52196
52200
52217
52226
52247
52253
52257
52267
52269
52274
52277
52283
52283
52291
52310
52319
52356
52366
52379
52386
52391
52402
52405
52406
52411
52424
52444
52446
52456
52462
52482
52484
52496
52512
52522
52552
52559
52563
52564
52596
52600
52602
52617
52620
52643
52664
52666
52675
52676
52682
52690
52694
52704
52707
52712
52724
52760
52764
52772
52849
52856
52861
52883
52884
52893
52921
52922
52931
52938
52939
52940
52948
52959
52976
52989
53008
53014
53016
53040
53043
53050
53099
53101
53105
53132
53237
53237
53254
53265
53276
53287
53302
53312
53318
53325
53331
53343
53343
53349
53350
53356
53361
53379
53388
53396
53396
53435
53453
53470
53494
53501
53503
53508
53521
53531
53541
53541
53551
53582
53584
53597
53607
53617
53646
53680
53696
53713
53733
53740
53745
53775
53775
53814
53847
53860
53863
53876
53879
53880
53888
53903
53904
53905
53922
53932
53938
53953
53957
53957
53977
53981
54002
54004
54014
54018
54031
54033
54040
54041
54057
54058
54060
54062
54068
54073
54074
54089
54091
54109
54124
54131
54160
54167
54170
54177
54185
54205
54205
54208
54219
54220
54242
54246
54259
54261
54263
54271
54278
54280
54306
54307
54318
54327
54330
54335
54345
54349
54358
54364
54366
54370
54381
54396
54401
54417
54425
54426
54439
54441
54452
54457
54458
54471
54482
54483
54490
54493
54506
54509
54513
54529
54545
54549
54551
54561
54563
54566
54594
54601
54603
54610
54637
54642
54652
54666
54673
54693
54694
54695
54699
54711
54724
54744
54747
54756
54763
54784
54802
54819
54873
54884
54890
54903
54910
54949
54985
54987
54988
54994
55006
55021
55026
55033
55033
55059
55059
55061
55064
55076
55083
55104
55121
55142
55158
55167
55170
55187
55221
55223
55246
55248
55251
55272
55279
55280
55288
55289
55299
55311
55320
55325
55330
55337
55344
55349
55353
55355
55363
55364
55365
55366
55392
55401
55410
55423
55424
55426
55428
55429
55429
55439
55458
55458
55466
55476
55491
55500
55510
55520
55520
55524
55528
55536
55537
55543
55551
55552
55564
55568
55586
55631
55656
55656
55658
55662
55663
55673
55675
55680
55683
55684
55693
55697
55738
55760
55766
55768
55781
55786
55788
55810
55812
55822
55849
55874
55877
55907
55909
55918
55933
55941
55952
55953
55954
55961
55962
55966
55977
55982
55993
56007
56016
56029
56049
56049
56051
56070
56071
56076
56086
56088
56114
56134
56156
56170
56174
56194
56204
56219
56220
56222
56223
56236
56245
56246
56250
56253
56288
56293
56310
56318
56328
56333
56335
56345
56359
56373
56377
56385
56392
56395
56409
56416
56489
56503
56510
56524
56538
56538
56548
56560
56562
56571
56574
56584
56592
56604
56610
56613
56620
56623
56629
56645
56651
56676
56678
56695
56699
56700
56716
56716
56720
56727
56758
56781
56783
56792
56833
56837
56861
56868
56871
56879
56884
56893
56893
56901
56913
56916
56919
56923
56925
56928
56955
56970
56974
56984
56987
56999
57005
57009
57021
57026
57032
57038
57065
57075
57082
57091
57101
57112
57131
57136
57150
57152
57156
57181
57183
57184
57186
57192
57206
57231
57231
57233
57250
57258
57264
57272
57272
57288
57298
57301
57303
57308
57313
57313
57324
57330
57346
57346
57348
57349
57365
57371
57376
57386
57387
57426
57438
57463
57476
57480
57490
57497
57499
57512
57522
57522
57542
57545
57547
57559
57564
57593
57594
57599
57603
57604
57614
57625
57631
57654
57684
57699
57700
57700
57723
57730
57746
57753
57754
57764
57780
57782
57782
57797
57810
57833
57838
57838
57874
57879
57887
57904
57918
57923
57928
57931
57950
57952
57961
57975
57977
57985
57987
57989
57998
58001
58005
58012
58016
58017
58025
58025
58045
58045
58054
58060
58065
58086
58091
58100
58111
58141
58144
58164
58167
58229
58247
58248
58263
58268
58271
58282
58283
58324
58331
58342
58350
58378
58389
58393
58420
58420
58427
58440
58460
58462
58464
58468
58471
58473
58487
58513
58541
58574
58576
58584
58596
58608
58616
58616
58621
58643
58645
58655
58666
58667
58673
58674
58693
58694
58712
58721
58730
58730
58745
58750
58752
58788
58798
58813
58815
58825
58827
58830
58833
58880
58884
58892
58895
58911
58923
58928
58931
58938
58939
58940
58940
58942
58949
58956
58982
59001
59010
59016
59028
59028
59046
59048
59064
59066
59075
59081
59081
59083
59085
59089
59110
59121
59125
59147
59154
59168
59189
59195
59204
59218
59231
59244
59251
59259
59263
59265
59276
59294
59319
59330
59337
59343
59374
59376
59383
59404
59408
59424
59444
59447
59450
59456
59456
59461
59472
59473
59484
59516
59523
59523
59523
59524
59527
59545
59576
59579
59591
59606
59611
59613
59638
59644
59647
59662
59669
59683
59685
59692
59699
59702
59707
59738
59745
59758
59767
59771
59773
59777
59779
59781
59782
59816
59826
59839
59843
59852
59854
59867
59888
59889
59898
59900
59916
59937
59959
59963
59964
59965
59967
59988
60001
60005
60015
60040
60042
60051
60051
60059
60064
60070
60070
60073
60074
60077
60109
60112
60132
60140
60143
60146
60151
60154
60158
60166
60180
60229
60241
60249
60249
60251
60258
60269
60272
60291
60301
60304
60305
60305
60314
60325
60331
60331
60340
60344
60345
60354
60359
60378
60378
60387
60390
60400
60412
60412
60413
60416
60417
60417
60420
60436
60449
60452
60463
60465
60467
60506
60549
60566
60582
60585
60604
60609
60610
60615
60618
60618
60619
60634
60641
60645
60658
60669
60669
60689
60690
60695
60700
60709
60714
60715
60718
60726
60732
60739
60777
60793
60793
60806
60808
60812
60834
60838
60843
60846
60883
60885
60895
60899
60901
60902
60917
60918
60935
60937
60959
60976
60982
61001
61011
61012
61015
61023
61024
61085
61087
61090
61101
61137
61189
61196
61200
61208
61219
61219
61220
61221
61232
61237
61242
61252
61273
61283
61289
61304
61307
61314
61322
61358
61370
61372
61375
61380
61385
61396
61399
61403
61408
61413
61413
61424
61445
61458
61495
61524
61525
61528
61533
61535
61538
61539
61543
61543
61557
61557
61563
61587
61587
61634
61645
61647
61657
61658
61680
61683
61708
61720
61728
61756
61775
61780
61783
61785
61803
61813
61829
61832
61844
61850
61864
61874
61900
61904
61914
61925
61939
61948
61959
61998
62006
62020
62036
62056
62060
62066
62069
62075
62089
62103
62112
62114
62121
62156
62207
62216
62217
62217
62224
62231
62233
62240
62252
62254
62263
62267
62285
62306
62308
62309
62316
62324
62328
62335
62359
62362
62405
62440
62444
62452
62453
62454
62468
62472
62472
62478
62480
62516
62524
62526
62533
62534
62555
62579
62590
62592
62594
62603
62617
62648
62655
62657
62660
62680
62688
62689
62689
62728
62735
62741
62756
62782
62821
62824
62839
62843
62853
62858
62875
62909
62912
62916
62934
62937
62939
62944
62955
62959
62977
62999
63001
63007
63008
63016
63023
63032
63060
63077
63085
63103
63135
63136
63146
63146
63158
63159
63168
63169
63186
63195
63206
63234
63239
63253
63267
63270
63273
63276
63279
63292
63306
63307
63315
63316
63333
63335
63355
63382
63389
63395
63396
63430
63470
63472
63535
63546
63559
63562
63565
63579
63585
63585
63624
63628
63645
63656
63674
63677
63701
63702
63704
63718
63719
63760
63761
63766
63769
63774
63782
63791
63805
63824
63826
63827
63839
63848
63852
63855
63868
63870
63873
63875
63883
63899
63903
63927
63935
63944
63951
63952
63966
63974
63981
63987
63996
64002
64004
64006
64008
64015
64036
64046
64049
64054
64061
64105
64115
64117
64118
64119
64120
64135
64151
64155
64157
64157
64177
64181
64192
64195
64200
64203
64226
64228
64233
64245
64248
64262
64265
64266
64271
64287
64292
64318
64342
64342
64360
64407
64412
64423
64424
64437
64438
64478
64489
64495
64502
64517
64523
64538
64555
64565
64567
64575
64587
64597
64599
64599
64603
64621
64641
64644
64654
64667
64669
64679
64682
64705
64712
64725
64755
64755
64765
64766
64766
64781
64786
64804
64839
64845
64846
64851
64857
64891
64899
64900
64950
64952
64959
64971
64973
64976
64996
65006
65009
65043
65045
65047
65051
65053
65063
65069
65072
65074
65075
65078
65079
65081
65084
65090
65093
65099
65132
65139
65142
65144
65149
65161
65162
65165
65170
65185
65197
65200
65212
65230
65293
65302
65308
65313
65319
65331
65338
65349
65353
65361
65362
65366
65371
65422
65439
65441
65446
65451
65460
65461
65462
65473
65500
65508
65519
65544
65549
65558
65588
65593
65597
65610
65611
65611
65623
65636
65646
65651
65654
65655
65656
65661
65662
65669
65670
65676
65680
65691
65703
65707
65734
65741
65747
65757
65777
65795
65827
65841
65841
65856
65857
65857
65862
65866
65887
65900
65900
65941
65967
66028
66031
66045
66053
66055
66061
66085
66097
66115
66121
66144
66149
66152
66162
66173
66197
66200
66213
66217
66219
66221
66222
66264
66267
66268
66268
66271
66275
66281
66289
66301
66302
66314
66322
66349
66350
66370
66374
66386
66427
66427
66438
66439
66472
66481
66494
66498
66499
66511
66513
66514
66515
66530
66543
66559
66562
66608
66647
66661
66692
66709
66712
66723
66735
66739
66743
66750
66760
66760
66766
66776
66783
66808
66824
66826
66829
66842
66859
66868
66881
66882
66884
66940
66941
66943
66957
66965
66966
66980
66987
66990
67005
67014
67023
67024
67044
67062
67067
67078
67079
67081
67086
67098
67157
67187
67188
67229
67229
67260
67271
67294
67306
67320
67328
67333
67356
67372
67373
67402
67406
67519
67550
67553
67574
67577
67593
67604
67607
67616
67617
67621
67633
67633
67637
67641
67685
67689
67691
67711
67720
67730
67741
67759
67768
67772
67790
67805
67806
67820
67822
67823
67833
67834
67840
67843
67868
67870
67899
67903
67909
67913
67932
67960
67966
67985
67986
68015
68021
68028
68037
68050
68053
68061
68063
68071
68074
68076
68079
68095
68112
68147
68164
68193
68194
68204
68206
68219
68229
68230
68230
68248
68255
68268
68290
68291
68303
68309
68313
68316
68321
68326
68340
68345
68347
68348
68350
68357
68366
68368
68371
68393
68396
68401
68428
68432
68433
68433
68444
68452
68454
68460
68462
68480
68497
68504
68517
68520
68527
68531
68539
68548
68567
68567
68569
68587
68618
68623
68625
68643
68652
68668
68681
68708
68717
68718
68737
68746
68747
68750
68752
68771
68780
68784
68788
68790
68793
68809
68818
68832
68840
68857
68859
68881
68887
68896
68901
68922
68963
68984
68991
68994
68999
69002
69021
69054
69085
69096
69104
69119
69122
69131
69136
69142
69160
69163
69171
69192
69217
69224
69225
69246
69249
69263
69268
69273
69287
69291
69320
69320
69332
69333
69374
69374
69381
69381
69383
69412
69416
69416
69427
69435
69445
69449
69453
69454
69459
69465
69466
69469
69483
69484
69486
69510
69514
69517
69523
69530
69545
69548
69552
69573
69583
69595
69599
69601
69602
69603
69606
69645
69667
69677
69696
69699
69712
69717
69719
69724
69739
69779
69821
69835
69839
69867
69882
69889
69928
69948
69955
69987
70007
70017
70018
70020
70038
70040
70043
70049
70052
70058
70068
70109
70124
70138
70149
70165
70172
70181
70195
70197
70217
70218
70233
70241
70244
70274
70276
70280
70290
70298
70314
70323
70329
70350
70352
70358
70361
70372
70390
70412
70446
70446
70453
70496
70498
70502
70505
70522
70534
70556
70560
70579
70579
70586
70591
70593
70595
70616
70619
70620
70635
70635
70642
70647
70655
70677
70700
70704
70709
70717
70720
70732
70743
70749
70761
70763
70774
70781
70786
70789
70792
70806
70814
70833
70839
70855
70877
70890
70898
70900
70902
70912
70916
70932
70937
70945
70974
70981
70983
70991
71001
71019
71023
71027
71031
71037
71052
71086
71089
71089
71092
71095
71114
71114
71129
71133
71134
71142
71168
71187
71191
71194
71202
71203
71203
71204
71233
71252
71264
71267
71275
71278
71280
71289
71302
71312
71318
71320
71329
71335
71345
71349
71349
71354
71369
71376
71384
71391
71393
71414
71432
71438
71454
71456
71457
71462
71462
71468
71472
71479
71490
71496
71500
71507
71510
71534
71535
71541
71554
71556
71559
71594
71597
71609
71620
71636
71660
71681
71699
71742
71746
71768
71799
71799
71810
71820
71821
71834
71843
71876
71880
71892
71905
71912
71915
71954
71956
71963
71963
71965
71978
71982
71997
72025
72041
72049
72055
72076
72087
72095
72098
72146
72147
72158
72173
72173
72182
72188
72189
72195
72198
72204
72211
72219
72222
72227
72232
72245
72262
72280
72301
72316
72318
72327
72332
72332
72344
72354
72371
72391
72411
72413
72413
72415
72432
72443
72451
72456
72468
72491
72498
72501
72511
72517
72526
72526
72542
72546
72551
72564
72589
72634
72659
72669
72672
72692
72694
72701
72708
72710
72742
72745
72770
72809
72815
72816
72824
72836
72840
72856
72884
72898
72902
72903
72903
72904
72916
72917
72927
72936
72949
72952
72961
72969
72971
72993
73005
73010
73022
73028
73033
73050
73065
73098
73104
73107
73114
73115
73117
73133
73138
73144
73167
73267
73276
73278
73280
73290
73312
73332
73332
73334
73334
73336
73351
73352
73357
73384
73390
73400
73411
73416
73429
73433
73437
73444
73447
73458
73459
73485
73523
73525
73525
73543
73560
73566
73580
73592
73606
73619
73621
73628
73628
73630
73637
73647
73654
73661
73682
73684
73685
73686
73712
73714
73717
73729
73736
73761
73772
73783
73789
73810
73813
73818
73832
73848
73869
73877
73891
73917
73922
73923
73924
73930
73934
73944
73966
73978
73990
74013
74022
74022
74052
74056
74062
74062
74075
74075
74093
74106
74118
74118
74121
74139
74146
74153
74157
74157
74169
74182
74189
74189
74210
74213
74218
74221
74223
74232
74246
74247
74250
74254
74257
74273
74274
74285
74299
74299
74311
74324
74335
74343
74350
74369
74387
74402
74406
74407
74414
74434
74459
74460
74466
74471
74473
74476
74478
74480
74484
74492
74493
74507
74518
74521
74539
74540
74563
74585
74589
74594
74595
74595
74595
74597
74601
74602
74616
74618
74632
74649
74650
74657
74668
74669
74671
74693
74710
74713
74723
74730
74732
74738
74742
74750
74760
74769
74772
74779
74786
74789
74799
74819
74821
74821
74828
74832
74833
74851
74873
74893
74903
74912
74914
74918
74926
74947
74947
74956
74963
74973
74980
74988
74993
74994
75013
75013
75024
75024
75063
75067
75069
75079
75083
75086
75119
75123
75148
75153
75153
75169
75172
75180
75193
75195
75199
75200
75204
75211
75231
75257
75268
75284
75301
75312
75315
75356
75358
75360
75361
75377
75378
75413
75415
75416
75426
75435
75435
75440
75449
75468
75469
75488
75517
75544
75548
75560
75564
75580
75590
75598
75602
75604
75621
75626
75629
75644
75644
75645
75647
75650
75659
75673
75678
75678
75689
75703
75711
75719
75733
75737
75743
75752
75779
75779
75796
75821
75823
75825
75831
75838
75839
75845
75869
75872
75872
75884
75894
75904
75921
75959
75961
75976
75984
75996
76002
76016
76019
76020
76027
76031
76049
76055
76077
76080
76108
76120
76136
76139
76140
76172
76186
76197
76219
76224
76226
76235
76250
76259
76274
76276
76281
76287
76290
76320
76324
76333
76345
76349
76364
76373
76380
76388
76409
76410
76417
76419
76421
76424
76426
76427
76430
76435
76437
76444
76445
76450
76462
76463
76466
76468
76478
76481
76488
76494
76530
76557
76557
76584
76610
76622
76625
76636
76645
76649
76667
76684
76708
76744
76745
76752
76766
76786
76795
76815
76828
76828
76849
76861
76868
76869
76908
76923
76924
76925
76925
76937
76944
76995
77007
77009
77019
77037
77070
77077
77078
77094
77108
77110
77148
77148
77148
77159
77162
77179
77205
77211
77219
77224
77226
77229
77248
77250
77258
77267
77272
77284
77299
77299
77311
77320
77332
77338
77339
77341
77348
77355
77355
77362
77421
77423
77423
77423
77432
77437
77454
77468
77470
77471
77485
77492
77518
77568
77572
77578
77603
77608
77618
77621
77623
77644
77657
77672
77675
77678
77686
77688
77689
77713
77715
77732
77733
77736
77741
77742
77746
77759
77769
77778
77779
77814
77814
77817
77823
77827
77856
77857
77880
77886
77910
77912
77925
77929
77937
77952
77980
77990
77997
78002
78012
78028
78039
78041
78042
78047
78050
78074
78080
78085
78102
78107
78140
78141
78145
78149
78178
78179
78183
78193
78200
78235
78258
78277
78287
78309
78322
78325
78329
78337
78352
78369
78377
78401
78405
78413
78426
78429
78429
78429
78453
78459
78463
78473
78478
78480
78489
78491
78502
78523
78542
78549
78549
78553
78557
78571
78574
78596
78598
78604
78608
78619
78625
78633
78647
78654
78686
78700
78705
78713
78738
78741
78758
78769
78784
78825
78829
78842
78843
78850
78858
78873
78890
78913
78927
78931
78937
78945
78950
78960
78960
78967
78978
78983
79000
79004
79025
79029
79043
79050
79079
79081
79089
79092
79096
79098
79103
79108
79134
79136
79139
79141
79141
79163
79164
79169
79171
79189
79198
79205
79210
79213
79214
79215
79218
79219
79236
79236
79258
79274
79277
79292
79292
79315
79325
79343
79344
79349
79352
79366
79401
79407
79408
79426
79431
79441
79450
79458
79458
79464
79470
79477
79505
79518
79524
79560
79564
79598
79618
79618
79633
79634
79645
79652
79657
79662
79664
79684
79687
79692
79701
79703
79709
79727
79804
79814
79817
79826
79829
79834
79839
79848
79871
79872
79877
79888
79914
79922
79923
79926
79936
79961
79968
79969
79991
79996
80001
80010
80023
80038
80064
80067
80077
80086
80090
80090
80118
80125
80126
80130
80146
80155
80171
80179
80187
80191
80193
80201
80201
80203
80205
80212
80216
80221
80222
80247
80276
80281
80283
80292
80296
80305
80307
80328
80330
80332
80336
80348
80354
80363
80379
80400
80407
80408
80417
80430
80434
80446
80468
80472
80484
80491
80495
80497
80540
80550
80558
80558
80572
80575
80587
80591
80608
80615
80619
80654
80672
80672
80673
80676
80683
80696
80698
80699
80724
80725
80726
80748
80749
80750
80750
80763
80764
80769
80778
80780
80786
80787
80799
80809
80828
80834
80840
80842
80848
80849
80849
80851
80858
80869
80870
80876
80889
80895
80902
80903
80907
80914
80918
80922
80925
80927
80940
80945
80949
80986
80996
80996
81014
81038
81040
81040
81048
81094
81098
81100
81111
81127
81128
81128
81134
81158
81161
81167
81183
81184
81187
81191
81192
81193
81195
81223
81230
81276
81281
81306
81312
81319
81326
81327
81341
81347
81350
81370
81382
81417
81431
81432
81437
81439
81454
81495
81499
81507
81532
81534
81549
81551
81556
81562
81574
81579
81585
81603
81607
81609
81613
81638
81661
81707
81710
81738
81750
81756
81769
81777
81785
81795
81811
81826
81858
81859
81861
81864
81867
81883
81898
81904
81907
81959
81986
82005
82018
82018
82040
82050
82056
82061
82072
82075
82076
82079
82093
82105
82123
82127
82131
82144
82159
82164
82168
82171
82181
82188
82190
82198
82199
82221
82257
82261
82261
82267
82296
82296
82296
82300
82309
82310
82312
82317
82354
82355
82355
82362
82380
82388
82394
82397
82401
82404
82411
82415
82419
82420
82428
82452
82462
82465
82469
82474
82491
82520
82545
82545
82557
82570
82579
82586
82590
82600
82602
82604
82613
82621
82635
82639
82643
82657
82667
82672
82675
82677
82684
82710
82726
82736
82753
82764
82772
82794
82826
82836
82837
82849
82864
82875
82890
82891
82909
82910
82917
82922
82926
82947
82950
83002
83005
83009
83020
83028
83058
83067
83080
83089
83095
83103
83120
83123
83131
83140
83141
83168
83179
83195
83201
83201
83222
83225
83230
83238
83242
83260
83271
83300
83309
83342
83352
83371
83385
83385
83390
83409
83411
83413
83419
83439
83521
83532
83536
83545
83550
83550
83550
83551
83554
83590
83594
83602
83606
83626
83635
83638
83654
83654
83657
83678
83682
83687
83693
83696
83702
83710
83720
83720
83737
83747
83761
83783
83784
83786
83799
83804
83816
83821
83824
83835
83845
83859
83867
83870
83886
83890
83890
83912
83918
83924
83936
83951
83954
83969
83974
83982
83985
83992
83992
83995
84016
84020
84034
84037
84038
84047
84070
84082
84099
84103
84123
84131
84139
84151
84154
84160
84177
84193
84196
84200
84202
84220
84252
84269
84286
84286
84295
84327
84341
84351
84357
84374
84386
84412
84419
84431
84436
84439
84445
84467
84481
84485
84489
84490
84523
84545
84552
84559
84564
84573
84588
84599
84602
84606
84616
84631
84633
84634
84654
84658
84660
84663
84680
84691
84708
84717
84718
84725
84746
84752
84757
84773
84783
84806
84814
84816
84819
84823
84823
84827
84829
84840
84840
84854
84864
84896
84898
84922
84924
84929
84931
84933
84935
84938
84950
84956
84970
84971
84980
84990
84992
85000
85013
85032
85044
85048
85051
85073
85078
85087
85099
85124
85128
85135
85153
85154
85161
85164
85167
85167
85186
85197
85208
85223
85247
85253
85254
85269
85279
85282
85282
85285
85298
85302
85303
85323
85333
85346
85357
85358
85360
85379
85387
85396
85403
85408
85408
85430
85442
85443
85448
85452
85461
85462
85469
85483
85497
85513
85547
85549
85555
85569
85603
85606
85628
85645
85681
85690
85723
85724
85725
85725
85731
85774
85784
85788
85799
85807
85817
85839
85848
85850
85873
85881
85894
85917
85918
85919
85930
85931
85948
85952
85956
85968
85979
86005
86039
86058
86073
86087
86094
86100
86111
86119
86129
86136
86141
86149
86157
86164
86171
86176
86177
86196
86205
86216
86223
86237
86253
86260
86266
86268
86271
86282
86282
86283
86286
86286
86288
86305
86313
86314
86332
86343
86345
86368
86369
86382
86397
86406
86430
86444
86462
86463
86471
86475
86479
86481
86482
86484
86488
86503
86553
86569
86588
86594
86607
86618
86625
86628
86632
86650
86660
86660
86670
86677
86685
86685
86722
86722
86734
86739
86747
86767
86781
86801
86822
86836
86836
86853
86853
86856
86872
86874
86882
86884
86907
86920
86921
86927
86934
86936
86954
86955
86959
86961
86962
86976
86978
86979
86995
86995
87004
87010
87016
87027
87043
87047
87059
87069
87081
87100
87100
87102
87107
87116
87126
87133
87134
87140
87148
87159
87174
87174
87181
87182
87183
87185
87191
87206
87242
87264
87276
87292
87294
87296
87306
87332
87350
87354
87368
87370
87378
87381
87398
87428
87434
87441
87448
87453
87469
87474
87478
87482
87493
87499
87520
87543
87544
87554
87558
87585
87605
87607
87635
87636
87640
87643
87643
87646
87651
87654
87672
87674
87701
87703
87707
87732
87733
87743
87772
87800
87803
87823
87824
87827
87842
87850
87850
87852
87853
87873
87886
87903
87925
87934
87937
87948
87949
87950
87957
87961
87962
88013
88017
88020
88022
88025
88034
88049
88050
88054
88067
88074
88080
88089
88117
88117
88123
88130
88133
88134
88145
88147
88149
88152
88157
88168
88168
88170
88173
88174
88202
88208
88245
88253
88272
88284
88285
88295
88312
88319
88326
88326
88335
88345
88346
88361
88371
88376
88389
88393
88404
88411
88420
88430
88432
88459
88460
88469
88483
88492
88499
88503
88529
88570
88587
88596
88612
88616
88619
88620
88628
88635
88638
88651
88659
88660
88670
88675
88695
88698
88703
88703
88714
88721
88761
88777
88782
88793
88801
88810
88811
88812
88812
88832
88835
88852
88860
88863
88876
88888
88895
88908
88908
88909
88924
88928
88935
88950
88975
88975
88978
88978
88979
88984
88986
88987
88999
89026
89033
89036
89043
89079
89081
89085
89087
89090
89092
89095
89099
89102
89127
89134
89137
89146
89152
89154
89158
89160
89171
89178
89193
89195
89202
89211
89216
89239
89245
89255
89271
89284
89292
89292
89298
89308
89311
89311
89344
89348
89362
89372
89381
89383
89395
89430
89443
89461
89463
89486
89494
89496
89500
89500
89520
89553
89559
89575
89580
89586
89589
89592
89609
89627
89684
89704
89713
89730
89750
89751
89756
89762
89762
89785
89787
89803
89803
89806
89806
89823
89829
89837
89840
89846
89855
89865
89880
89892
89907
89918
89934
89951
89953
89953
89955
89969
89977
89995
90018
90026
90033
90044
90056
90060
90062
90069
90071
90073
90076
90087
90117
90128
90135
90143
90157
90160
90160
90161
90163
90177
90197
90213
90231
90252
90263
90264
90267
90270
90275
90315
90334
90350
90358
90358
90369
90371
90388
90390
90393
90396
90399
90400
90405
90414
90423
90427
90445
90454
90468
90489
90496
90508
90514
90525
90526
90533
90535
90544
90552
90554
90554
90570
90593
90594
90626
90629
90631
90651
90670
90677
90677
90724
90725
90732
90741
90746
90748
90753
90755
90764
90772
90775
90779
90793
90795
90798
90813
90834
90842
90848
90850
90859
90879
90882
90882
90889
90892
90910
90915
90917
90945
90964
90974
90983
90998
91036
91055
91057
91068
91073
91096
91105
91134
91146
91160
91166
91173
91182
91197
91207
91219
91220
91224
91231
91232
91234
91236
91254
91264
91273
91279
91280
91285
91292
91298
91305
91322
91325
91326
91334
91338
91344
91347
91348
91348
91354
91365
91368
91369
91410
91425
91434
91449
91458
91458
91459
91477
91481
91484
91498
91504
91517
91520
91524
91548
91567
91570
91602
91604
91608
91622
91624
91628
91629
91639
91642
91650
91656
91661
91666
91668
91682
91685
91701
91719
91724
91738
91742
91753
91754
91761
91787
91836
91864
91866
91874
91878
91879
91879
91882
91885
91910
91925
91928
91934
91966
91967
91981
91990
91996
92009
92012
92013
92024
92037
92040
92045
92076
92091
92102
92117
92118
92142
92152
92156
92170
92190
92194
92227
92229
92231
92232
92238
92271
92275
92275
92283
92291
92291
92291
92292
92295
92318
92334
92346
92350
92351
92355
92358
92375
92392
92406
92414
92428
92434
92463
92465
92472
92476
92484
92489
92524
92529
92535
92543
92569
92575
92596
92605
92613
92614
92631
92632
92640
92642
92676
92678
92696
92705
92718
92719
92735
92747
92765
92774
92801
92804
92813
92817
92846
92849
92869
92884
92885
92888
92892
92918
92927
92937
92949
92950
92979
92983
92986
92990
93032
93044
93051
93055
93075
93080
93086
93096
93098
93103
93114
93135
93136
93138
93175
93181
93187
93190
93220
93241
93244
93249
93250
93264
93264
93279
93308
93335
93341
93362
93379
93399
93407
93428
93441
93453
93454
93455
93456
93461
93461
93473
93500
93507
93526
93538
93561
93572
93586
93598
93621
93659
93662
93667
93668
93699
93724
93728
93743
93744
93748
93758
93765
93766
93795
93812
93828
93830
93833
93835
93835
93836
93864
93885
93892
93898
93904
93911
93918
93919
93934
93940
93943
93960
93973
93994
94010
94018
94029
94042
94052
94054
94056
94076
94082
94084
94103
94127
94129
94130
94141
94151
94155
94165
94170
94171
94179
94192
94202
94203
94206
94224
94234
94239
94265
94276
94276
94285
94287
94292
94292
94297
94308
94309
94339
94342
94344
94352
94362
94364
94382
94396
94409
94433
94445
94449
94449
94453
94468
94472
94478
94498
94502
94513
94515
94516
94525
94536
94540
94563
94567
94570
94583
94585
94592
94593
94594
94609
94611
94612
94624
94627
94629
94631
94632
94638
94639
94647
94656
94677
94679
94702
94707
94721
94753
94778
94781
94791
94799
94800
94805
94808
94810
94811
94815
94863
94879
94880
94923
94926
94936
94940
94961
94980
94980
94993
94999
95003
95003
95014
95045
95049
95059
95084
95084
95098
95099
95108
95135
95138
95139
95142
95183
95190
95221
95222
95228
95229
95255
95264
95270
95293
95301
95318
95321
95327
95329
95331
95358
95365
95367
95372
95377
95400
95407
95426
95494
95507
95523
95526
95547
95547
95557
95560
95573
95575
95600
95606
95610
95634
95679
95680
95743
95748
95751
95754
95758
95766
95778
95782
95790
95791
95794
95809
95817
95819
95840
95859
95863
95864
95881
95886
95898
95901
95913
95923
95943
95947
95960
95961
95976
95977
96010
96010
96012
96013
96015
96019
96030
96042
96048
96075
96078
96087
96133
96140
96147
96147
96165
96176
96178
96181
96182
96186
96187
96188
96190
96204
96244
96276
96277
96277
96284
96286
96287
96290
96319
96324
96344
96349
96394
96406
96408
96409
96425
96429
96433
96474
96484
96490
96496
96504
96505
96506
96506
96509
96520
96523
96530
96531
96536
96540
96570
96573
96578
96581
96598
96631
96642
96657
96666
96668
96681
96694
96702
96702
96724
96726
96731
96745
96749
96787
96809
96810
96817
96821
96825
96850
96851
96855
96855
96870
96885
96890
96901
96906
96927
96928
96929
96936
96941
96958
96971
96975
96984
96987
96990
96996
97020
97029
97062
97082
97086
97088
97094
97095
97116
97116
97125
97139
97150
97150
97162
97208
97213
97228
97252
97275
97279
97284
97285
97289
97291
97291
97293
97305
97326
97327
97350
97355
97362
97367
97373
97387
97400
97406
97409
97427
97427
97428
97439
97447
97448
97457
97460
97469
97476
97505
97520
97525
97537
97542
97543
97546
97554
97558
97562
97583
97583
97590
97609
97631
97632
97643
97644
97650
97660
97664
97679
97688
97690
97697
97699
97700
97704
97707
97713
97737
97740
97744
97745
97745
97749
97751
97779
97788
97807
97810
97814
97827
97833
97840
97841
97852
97852
97862
97865
97880
97889
97894
97896
97898
97905
97907
97908
97909
97911
97940
97946
97954
97963
97969
97972
97972
97984
97984
97989
98007
98008
98045
98047
98063
98073
98082
98084
98107
98114
98131
98140
98145
98173
98185
98186
98189
98201
98204
98205
98212
98215
98218
98221
98232
98236
98246
98249
98263
98266
98272
98278
98278
98285
98294
98303
98309
98326
98336
98340
98348
98355
98364
98367
98376
98382
98398
98399
98411
98418
98419
98422
98424
98443
98468
98471
98475
98475
98490
98491
98496
98520
98521
98525
98547
98556
98559
98563
98576
98583
98588
98589
98614
98615
98619
98621
98628
98631
98641
98645
98659
98661
98679
98685
98696
98698
98700
98708
98730
98740
98747
98764
98767
98773
98777
98788
98789
98793
98798
98799
98805
98805
98810
98812
98819
98822
98830
98832
98832
98853
98855
98867
98879
98898
98902
98904
98927
98927
98945
98961
98972
98976
99006
99007
99010
99014
99025
99038
99059
99070
99072
99072
99073
99112
99117
99137
99161
99179
99182
99206
99234
99248
99251
99271
99275
99341
99342
99346
99369
99375
99383
99385
99396
99399
99405
99423
99427
99434
99439
99446
99459
99481
99496
99507
99507
99520
99530
99535
99538
99562
99565
99573
99573
99580
99581
99589
99591
99593
99598
99613
99647
99675
99703
99709
99727
99731
99743
99762
99767
99776
99785
99788
99796
99821
99838
99862
99875
99880
99892
99894
99904
99908
99921
99930
99943
99944
99947
99981
99982
99998
